-1 0
-1 0
-2 0
-2 0
-3 0
-3 0
-4 0
-4 0
-5 0
-5 0
-6 0
-6 0
-7 0
-7 0
-7 0
-8 0
-8 0
-9 0
-9 0
-10 0
-10 0
-11 0
-11 0
-12 0
-12 0
-13 0
-13 0
-14 0
-14 0
-14 0
-15 0
-16 0
-16 0
-17 0
-17 0
-17 0
-18 0
-19 0
-19 0
-20 0
-20 0
-20 0
-21 0
-22 0
-22 0
-23 0
-23 0
-23 0
-24 0
-25 0
-26 0
-27 0
-28 0
-29 0
-29 0
-30 0
-30 0
-31 0
-31 0
-32 0
-32 0
-33 0
-33 0
-34 35 0
-34 36 0
-34 37 0
-34 38 0
-39 36 0
-39 40 0
-39 38 0
-39 41 0
-42 40 0
-42 43 0
-42 41 0
-42 44 0
-45 43 0
-45 46 0
-45 44 0
-45 47 0
-1 46 0
-1 47 0
-48 37 0
-48 38 0
-48 49 0
-48 50 0
-51 38 0
-51 41 0
-51 50 0
-51 52 0
-53 41 0
-53 44 0
-53 52 0
-53 54 0
-55 44 0
-55 47 0
-55 54 0
-55 56 0
-2 47 0
-2 56 0
-3 49 0
-3 50 0
-4 50 0
-4 52 0
-5 52 0
-5 54 0
-6 54 0
-6 56 0
-7 56 0
-57 58 0
-57 59 0
-57 60 0
-57 61 0
-62 59 0
-62 63 0
-62 61 0
-62 64 0
-65 63 0
-65 66 0
-65 64 0
-65 67 0
-68 66 0
-68 69 0
-68 67 0
-68 70 0
-8 69 0
-8 70 0
-71 60 0
-71 61 0
-71 72 0
-71 73 0
-74 61 0
-74 64 0
-74 73 0
-74 75 0
-76 64 0
-76 67 0
-76 75 0
-76 77 0
-78 67 0
-78 70 0
-78 77 0
-78 79 0
-9 70 0
-9 79 0
-10 72 0
-10 73 0
-11 73 0
-11 75 0
-12 75 0
-12 77 0
-13 77 0
-13 79 0
-14 79 0
-80 81 0
-80 82 0
-80 83 0
-80 84 0
-85 82 0
-85 83 0
-85 84 0
-85 86 0
-15 83 0
-15 84 0
-15 86 0
-16 84 0
-16 86 0
-17 86 0
-87 88 0
-87 89 0
-87 90 0
-87 91 0
-92 89 0
-92 90 0
-92 91 0
-92 93 0
-18 90 0
-18 91 0
-18 93 0
-19 91 0
-19 93 0
-20 93 0
-94 95 0
-94 96 0
-94 97 0
-94 98 0
-99 96 0
-99 97 0
-99 98 0
-99 100 0
-21 97 0
-21 98 0
-21 100 0
-22 98 0
-22 100 0
-23 100 0
-101 102 0
-101 103 0
-101 104 0
-105 106 0
-105 107 0
-105 108 0
-109 110 0
-109 111 0
-109 112 0
-113 114 0
-113 115 0
-113 116 0
-117 118 0
-117 119 0
-117 120 0
-24 103 0
-24 104 0
-25 107 0
-25 108 0
-26 111 0
-26 112 0
-27 115 0
-27 116 0
-28 119 0
-28 120 0
-29 104 0
-30 108 0
-31 112 0
-32 116 0
-33 120 0
-35 -58 0
-35 -81 0
-35 -102 0
-58 -81 0
-58 -102 0
-81 -102 0
-36 -59 0
-36 -82 0
-36 -106 0
-59 -82 0
-59 -106 0
-82 -106 0
-40 -63 0
-40 -83 0
-40 -110 0
-63 -83 0
-63 -110 0
-83 -110 0
-43 -66 0
-43 -84 0
-43 -114 0
-66 -84 0
-66 -114 0
-84 -114 0
-46 -69 0
-46 -86 0
-46 -118 0
-69 -86 0
-69 -118 0
-86 -118 0
-37 -60 0
-37 -88 0
-37 -103 0
-60 -88 0
-60 -103 0
-88 -103 0
-38 -61 0
-38 -89 0
-38 -107 0
-61 -89 0
-61 -107 0
-89 -107 0
-41 -64 0
-41 -90 0
-41 -111 0
-64 -90 0
-64 -111 0
-90 -111 0
-44 -67 0
-44 -91 0
-44 -115 0
-67 -91 0
-67 -115 0
-91 -115 0
-47 -70 0
-47 -93 0
-47 -119 0
-70 -93 0
-70 -119 0
-93 -119 0
-49 -72 0
-49 -95 0
-49 -104 0
-72 -95 0
-72 -104 0
-95 -104 0
-50 -73 0
-50 -96 0
-50 -108 0
-73 -96 0
-73 -108 0
-96 -108 0
-52 -75 0
-52 -97 0
-52 -112 0
-75 -97 0
-75 -112 0
-97 -112 0
-54 -77 0
-54 -98 0
-54 -116 0
-77 -98 0
-77 -116 0
-98 -116 0
-56 -79 0
-56 -100 0
-56 -120 0
-79 -100 0
-79 -120 0
-100 -120 0
34 39 42 45 1 48 51 53 55 2 3 4 5 6 7 0
-34 -39 0
-34 -42 0
-34 -45 0
-34 -1 0
-34 -48 0
-34 -51 0
-34 -53 0
-34 -55 0
-34 -2 0
-34 -3 0
-34 -4 0
-34 -5 0
-34 -6 0
-34 -7 0
-39 -42 0
-39 -45 0
-39 -1 0
-39 -48 0
-39 -51 0
-39 -53 0
-39 -55 0
-39 -2 0
-39 -3 0
-39 -4 0
-39 -5 0
-39 -6 0
-39 -7 0
-42 -45 0
-42 -1 0
-42 -48 0
-42 -51 0
-42 -53 0
-42 -55 0
-42 -2 0
-42 -3 0
-42 -4 0
-42 -5 0
-42 -6 0
-42 -7 0
-45 -1 0
-45 -48 0
-45 -51 0
-45 -53 0
-45 -55 0
-45 -2 0
-45 -3 0
-45 -4 0
-45 -5 0
-45 -6 0
-45 -7 0
-1 -48 0
-1 -51 0
-1 -53 0
-1 -55 0
-1 -2 0
-1 -3 0
-1 -4 0
-1 -5 0
-1 -6 0
-1 -7 0
-48 -51 0
-48 -53 0
-48 -55 0
-48 -2 0
-48 -3 0
-48 -4 0
-48 -5 0
-48 -6 0
-48 -7 0
-51 -53 0
-51 -55 0
-51 -2 0
-51 -3 0
-51 -4 0
-51 -5 0
-51 -6 0
-51 -7 0
-53 -55 0
-53 -2 0
-53 -3 0
-53 -4 0
-53 -5 0
-53 -6 0
-53 -7 0
-55 -2 0
-55 -3 0
-55 -4 0
-55 -5 0
-55 -6 0
-55 -7 0
-2 -3 0
-2 -4 0
-2 -5 0
-2 -6 0
-2 -7 0
-3 -4 0
-3 -5 0
-3 -6 0
-3 -7 0
-4 -5 0
-4 -6 0
-4 -7 0
-5 -6 0
-5 -7 0
-6 -7 0
57 62 65 68 8 71 74 76 78 9 10 11 12 13 14 0
-57 -62 0
-57 -65 0
-57 -68 0
-57 -8 0
-57 -71 0
-57 -74 0
-57 -76 0
-57 -78 0
-57 -9 0
-57 -10 0
-57 -11 0
-57 -12 0
-57 -13 0
-57 -14 0
-62 -65 0
-62 -68 0
-62 -8 0
-62 -71 0
-62 -74 0
-62 -76 0
-62 -78 0
-62 -9 0
-62 -10 0
-62 -11 0
-62 -12 0
-62 -13 0
-62 -14 0
-65 -68 0
-65 -8 0
-65 -71 0
-65 -74 0
-65 -76 0
-65 -78 0
-65 -9 0
-65 -10 0
-65 -11 0
-65 -12 0
-65 -13 0
-65 -14 0
-68 -8 0
-68 -71 0
-68 -74 0
-68 -76 0
-68 -78 0
-68 -9 0
-68 -10 0
-68 -11 0
-68 -12 0
-68 -13 0
-68 -14 0
-8 -71 0
-8 -74 0
-8 -76 0
-8 -78 0
-8 -9 0
-8 -10 0
-8 -11 0
-8 -12 0
-8 -13 0
-8 -14 0
-71 -74 0
-71 -76 0
-71 -78 0
-71 -9 0
-71 -10 0
-71 -11 0
-71 -12 0
-71 -13 0
-71 -14 0
-74 -76 0
-74 -78 0
-74 -9 0
-74 -10 0
-74 -11 0
-74 -12 0
-74 -13 0
-74 -14 0
-76 -78 0
-76 -9 0
-76 -10 0
-76 -11 0
-76 -12 0
-76 -13 0
-76 -14 0
-78 -9 0
-78 -10 0
-78 -11 0
-78 -12 0
-78 -13 0
-78 -14 0
-9 -10 0
-9 -11 0
-9 -12 0
-9 -13 0
-9 -14 0
-10 -11 0
-10 -12 0
-10 -13 0
-10 -14 0
-11 -12 0
-11 -13 0
-11 -14 0
-12 -13 0
-12 -14 0
-13 -14 0
80 85 15 16 17 87 92 18 19 20 94 99 21 22 23 0
-80 -85 0
-80 -15 0
-80 -16 0
-80 -17 0
-80 -87 0
-80 -92 0
-80 -18 0
-80 -19 0
-80 -20 0
-80 -94 0
-80 -99 0
-80 -21 0
-80 -22 0
-80 -23 0
-85 -15 0
-85 -16 0
-85 -17 0
-85 -87 0
-85 -92 0
-85 -18 0
-85 -19 0
-85 -20 0
-85 -94 0
-85 -99 0
-85 -21 0
-85 -22 0
-85 -23 0
-15 -16 0
-15 -17 0
-15 -87 0
-15 -92 0
-15 -18 0
-15 -19 0
-15 -20 0
-15 -94 0
-15 -99 0
-15 -21 0
-15 -22 0
-15 -23 0
-16 -17 0
-16 -87 0
-16 -92 0
-16 -18 0
-16 -19 0
-16 -20 0
-16 -94 0
-16 -99 0
-16 -21 0
-16 -22 0
-16 -23 0
-17 -87 0
-17 -92 0
-17 -18 0
-17 -19 0
-17 -20 0
-17 -94 0
-17 -99 0
-17 -21 0
-17 -22 0
-17 -23 0
-87 -92 0
-87 -18 0
-87 -19 0
-87 -20 0
-87 -94 0
-87 -99 0
-87 -21 0
-87 -22 0
-87 -23 0
-92 -18 0
-92 -19 0
-92 -20 0
-92 -94 0
-92 -99 0
-92 -21 0
-92 -22 0
-92 -23 0
-18 -19 0
-18 -20 0
-18 -94 0
-18 -99 0
-18 -21 0
-18 -22 0
-18 -23 0
-19 -20 0
-19 -94 0
-19 -99 0
-19 -21 0
-19 -22 0
-19 -23 0
-20 -94 0
-20 -99 0
-20 -21 0
-20 -22 0
-20 -23 0
-94 -99 0
-94 -21 0
-94 -22 0
-94 -23 0
-99 -21 0
-99 -22 0
-99 -23 0
-21 -22 0
-21 -23 0
-22 -23 0
101 105 109 113 117 24 25 26 27 28 29 30 31 32 33 0
-101 -105 0
-101 -109 0
-101 -113 0
-101 -117 0
-101 -24 0
-101 -25 0
-101 -26 0
-101 -27 0
-101 -28 0
-101 -29 0
-101 -30 0
-101 -31 0
-101 -32 0
-101 -33 0
-105 -109 0
-105 -113 0
-105 -117 0
-105 -24 0
-105 -25 0
-105 -26 0
-105 -27 0
-105 -28 0
-105 -29 0
-105 -30 0
-105 -31 0
-105 -32 0
-105 -33 0
-109 -113 0
-109 -117 0
-109 -24 0
-109 -25 0
-109 -26 0
-109 -27 0
-109 -28 0
-109 -29 0
-109 -30 0
-109 -31 0
-109 -32 0
-109 -33 0
-113 -117 0
-113 -24 0
-113 -25 0
-113 -26 0
-113 -27 0
-113 -28 0
-113 -29 0
-113 -30 0
-113 -31 0
-113 -32 0
-113 -33 0
-117 -24 0
-117 -25 0
-117 -26 0
-117 -27 0
-117 -28 0
-117 -29 0
-117 -30 0
-117 -31 0
-117 -32 0
-117 -33 0
-24 -25 0
-24 -26 0
-24 -27 0
-24 -28 0
-24 -29 0
-24 -30 0
-24 -31 0
-24 -32 0
-24 -33 0
-25 -26 0
-25 -27 0
-25 -28 0
-25 -29 0
-25 -30 0
-25 -31 0
-25 -32 0
-25 -33 0
-26 -27 0
-26 -28 0
-26 -29 0
-26 -30 0
-26 -31 0
-26 -32 0
-26 -33 0
-27 -28 0
-27 -29 0
-27 -30 0
-27 -31 0
-27 -32 0
-27 -33 0
-28 -29 0
-28 -30 0
-28 -31 0
-28 -32 0
-28 -33 0
-29 -30 0
-29 -31 0
-29 -32 0
-29 -33 0
-30 -31 0
-30 -32 0
-30 -33 0
-31 -32 0
-31 -33 0
-32 -33 0
