1 2 3 4 5 6 7 8 9 10 11 12 13 14 15 16 17 18 19 20 0
21 22 23 24 25 26 27 28 29 30 31 32 33 34 35 36 37 38 39 40 0
41 42 43 44 45 46 47 48 49 50 51 52 53 54 55 56 57 58 59 60 0
61 62 63 64 65 66 67 68 69 70 71 72 73 74 75 76 77 78 79 80 0
81 82 83 84 85 86 87 88 89 90 91 92 93 94 95 96 97 98 99 100 0
101 102 103 104 105 106 107 108 109 110 111 112 113 114 115 116 117 118 119 120 0
121 122 123 124 125 126 127 128 129 130 131 132 133 134 135 136 137 138 139 140 0
141 142 143 144 145 146 147 148 149 150 151 152 153 154 155 156 157 158 159 160 0
161 162 163 164 165 166 167 168 169 170 171 172 173 174 175 176 177 178 179 180 0
181 182 183 184 185 186 187 188 189 190 191 192 193 194 195 196 197 198 199 200 0
201 202 203 204 205 206 207 208 209 210 211 212 213 214 215 216 217 218 219 220 0
221 222 223 224 225 226 227 228 229 230 231 232 233 234 235 236 237 238 239 240 0
241 242 243 244 245 246 247 248 249 250 251 252 253 254 255 256 257 258 259 260 0
261 262 263 264 265 266 267 268 269 270 271 272 273 274 275 276 277 278 279 280 0
281 282 283 284 285 286 287 288 289 290 291 292 293 294 295 296 297 298 299 300 0
301 302 303 304 305 306 307 308 309 310 311 312 313 314 315 316 317 318 319 320 0
321 322 323 324 325 326 327 328 329 330 331 332 333 334 335 336 337 338 339 340 0
341 342 343 344 345 346 347 348 349 350 351 352 353 354 355 356 357 358 359 360 0
361 362 363 364 365 366 367 368 369 370 371 372 373 374 375 376 377 378 379 380 0
381 382 383 384 385 386 387 388 389 390 391 392 393 394 395 396 397 398 399 400 0
401 402 403 404 405 406 407 408 409 410 411 412 413 414 415 416 417 418 419 420 0
421 422 423 424 425 426 427 428 429 430 431 432 433 434 435 436 437 438 439 440 0
441 442 443 444 445 446 447 448 449 450 451 452 453 454 455 456 457 458 459 460 0
461 462 463 464 465 466 467 468 469 470 471 472 473 474 475 476 477 478 479 480 0
481 482 483 484 485 486 487 488 489 490 491 492 493 494 495 496 497 498 499 500 0
501 502 503 504 505 506 507 508 509 510 511 512 513 514 515 516 517 518 519 520 0
521 522 523 524 525 526 527 528 529 530 531 532 533 534 535 536 537 538 539 540 0
541 542 543 544 545 546 547 548 549 550 551 552 553 554 555 556 557 558 559 560 0
561 562 563 564 565 566 567 568 569 570 571 572 573 574 575 576 577 578 579 580 0
581 582 583 584 585 586 587 588 589 590 591 592 593 594 595 596 597 598 599 600 0
601 602 603 604 605 606 607 608 609 610 611 612 613 614 615 616 617 618 619 620 0
621 622 623 624 625 626 627 628 629 630 631 632 633 634 635 636 637 638 639 640 0
641 642 643 644 645 646 647 648 649 650 651 652 653 654 655 656 657 658 659 660 0
661 662 663 664 665 666 667 668 669 670 671 672 673 674 675 676 677 678 679 680 0
681 682 683 684 685 686 687 688 689 690 691 692 693 694 695 696 697 698 699 700 0
701 702 703 704 705 706 707 708 709 710 711 712 713 714 715 716 717 718 719 720 0
721 722 723 724 725 726 727 728 729 730 731 732 733 734 735 736 737 738 739 740 0
741 742 743 744 745 746 747 748 749 750 751 752 753 754 755 756 757 758 759 760 0
761 762 763 764 765 766 767 768 769 770 771 772 773 774 775 776 777 778 779 780 0
781 782 783 784 785 786 787 788 789 790 791 792 793 794 795 796 797 798 799 800 0
801 802 803 804 805 806 807 808 809 810 811 812 813 814 815 816 817 818 819 820 0
821 822 823 824 825 826 827 828 829 830 831 832 833 834 835 836 837 838 839 840 0
841 842 843 844 845 846 847 848 849 850 851 852 853 854 855 856 857 858 859 860 0
861 862 863 864 865 866 867 868 869 870 871 872 873 874 875 876 877 878 879 880 0
881 882 883 884 885 886 887 888 889 890 891 892 893 894 895 896 897 898 899 900 0
901 902 903 904 905 906 907 908 909 910 911 912 913 914 915 916 917 918 919 920 0
921 922 923 924 925 926 927 928 929 930 931 932 933 934 935 936 937 938 939 0
921 922 923 924 925 926 927 928 929 930 931 932 933 934 935 936 937 938 940 0
921 922 923 924 925 926 927 928 929 930 931 932 933 934 935 936 937 939 940 0
921 922 923 924 925 926 927 928 929 930 931 932 933 934 935 936 938 939 940 0
921 922 923 924 925 926 927 928 929 930 931 932 933 934 935 937 938 939 940 0
921 922 923 924 925 926 927 928 929 930 931 932 933 934 936 937 938 939 940 0
921 922 923 924 925 926 927 928 929 930 931 932 933 935 936 937 938 939 940 0
921 922 923 924 925 926 927 928 929 930 931 932 934 935 936 937 938 939 940 0
921 922 923 924 925 926 927 928 929 930 931 933 934 935 936 937 938 939 940 0
921 922 923 924 925 926 927 928 929 930 932 933 934 935 936 937 938 939 940 0
921 922 923 924 925 926 927 928 929 931 932 933 934 935 936 937 938 939 940 0
921 922 923 924 925 926 927 928 930 931 932 933 934 935 936 937 938 939 940 0
921 922 923 924 925 926 927 929 930 931 932 933 934 935 936 937 938 939 940 0
921 922 923 924 925 926 928 929 930 931 932 933 934 935 936 937 938 939 940 0
921 922 923 924 925 927 928 929 930 931 932 933 934 935 936 937 938 939 940 0
921 922 923 924 926 927 928 929 930 931 932 933 934 935 936 937 938 939 940 0
921 922 923 925 926 927 928 929 930 931 932 933 934 935 936 937 938 939 940 0
921 922 924 925 926 927 928 929 930 931 932 933 934 935 936 937 938 939 940 0
921 923 924 925 926 927 928 929 930 931 932 933 934 935 936 937 938 939 940 0
922 923 924 925 926 927 928 929 930 931 932 933 934 935 936 937 938 939 940 0
941 942 943 944 945 946 947 948 949 950 951 952 953 954 955 956 957 958 959 0
941 942 943 944 945 946 947 948 949 950 951 952 953 954 955 956 957 958 960 0
941 942 943 944 945 946 947 948 949 950 951 952 953 954 955 956 957 959 960 0
941 942 943 944 945 946 947 948 949 950 951 952 953 954 955 956 958 959 960 0
941 942 943 944 945 946 947 948 949 950 951 952 953 954 955 957 958 959 960 0
941 942 943 944 945 946 947 948 949 950 951 952 953 954 956 957 958 959 960 0
941 942 943 944 945 946 947 948 949 950 951 952 953 955 956 957 958 959 960 0
941 942 943 944 945 946 947 948 949 950 951 952 954 955 956 957 958 959 960 0
941 942 943 944 945 946 947 948 949 950 951 953 954 955 956 957 958 959 960 0
941 942 943 944 945 946 947 948 949 950 952 953 954 955 956 957 958 959 960 0
941 942 943 944 945 946 947 948 949 951 952 953 954 955 956 957 958 959 960 0
941 942 943 944 945 946 947 948 950 951 952 953 954 955 956 957 958 959 960 0
941 942 943 944 945 946 947 949 950 951 952 953 954 955 956 957 958 959 960 0
941 942 943 944 945 946 948 949 950 951 952 953 954 955 956 957 958 959 960 0
941 942 943 944 945 947 948 949 950 951 952 953 954 955 956 957 958 959 960 0
941 942 943 944 946 947 948 949 950 951 952 953 954 955 956 957 958 959 960 0
941 942 943 945 946 947 948 949 950 951 952 953 954 955 956 957 958 959 960 0
941 942 944 945 946 947 948 949 950 951 952 953 954 955 956 957 958 959 960 0
941 943 944 945 946 947 948 949 950 951 952 953 954 955 956 957 958 959 960 0
942 943 944 945 946 947 948 949 950 951 952 953 954 955 956 957 958 959 960 0
961 962 963 964 965 966 967 968 969 970 971 972 973 974 975 976 977 978 979 0
961 962 963 964 965 966 967 968 969 970 971 972 973 974 975 976 977 978 980 0
961 962 963 964 965 966 967 968 969 970 971 972 973 974 975 976 977 979 980 0
961 962 963 964 965 966 967 968 969 970 971 972 973 974 975 976 978 979 980 0
961 962 963 964 965 966 967 968 969 970 971 972 973 974 975 977 978 979 980 0
961 962 963 964 965 966 967 968 969 970 971 972 973 974 976 977 978 979 980 0
961 962 963 964 965 966 967 968 969 970 971 972 973 975 976 977 978 979 980 0
961 962 963 964 965 966 967 968 969 970 971 972 974 975 976 977 978 979 980 0
961 962 963 964 965 966 967 968 969 970 971 973 974 975 976 977 978 979 980 0
961 962 963 964 965 966 967 968 969 970 972 973 974 975 976 977 978 979 980 0
961 962 963 964 965 966 967 968 969 971 972 973 974 975 976 977 978 979 980 0
961 962 963 964 965 966 967 968 970 971 972 973 974 975 976 977 978 979 980 0
961 962 963 964 965 966 967 969 970 971 972 973 974 975 976 977 978 979 980 0
961 962 963 964 965 966 968 969 970 971 972 973 974 975 976 977 978 979 980 0
961 962 963 964 965 967 968 969 970 971 972 973 974 975 976 977 978 979 980 0
961 962 963 964 966 967 968 969 970 971 972 973 974 975 976 977 978 979 980 0
961 962 963 965 966 967 968 969 970 971 972 973 974 975 976 977 978 979 980 0
961 962 964 965 966 967 968 969 970 971 972 973 974 975 976 977 978 979 980 0
961 963 964 965 966 967 968 969 970 971 972 973 974 975 976 977 978 979 980 0
962 963 964 965 966 967 968 969 970 971 972 973 974 975 976 977 978 979 980 0
981 982 983 984 985 986 987 988 989 990 991 992 993 994 995 996 997 998 999 0
981 982 983 984 985 986 987 988 989 990 991 992 993 994 995 996 997 998 1000 0
981 982 983 984 985 986 987 988 989 990 991 992 993 994 995 996 997 999 1000 0
981 982 983 984 985 986 987 988 989 990 991 992 993 994 995 996 998 999 1000 0
981 982 983 984 985 986 987 988 989 990 991 992 993 994 995 997 998 999 1000 0
981 982 983 984 985 986 987 988 989 990 991 992 993 994 996 997 998 999 1000 0
981 982 983 984 985 986 987 988 989 990 991 992 993 995 996 997 998 999 1000 0
981 982 983 984 985 986 987 988 989 990 991 992 994 995 996 997 998 999 1000 0
981 982 983 984 985 986 987 988 989 990 991 993 994 995 996 997 998 999 1000 0
981 982 983 984 985 986 987 988 989 990 992 993 994 995 996 997 998 999 1000 0
981 982 983 984 985 986 987 988 989 991 992 993 994 995 996 997 998 999 1000 0
981 982 983 984 985 986 987 988 990 991 992 993 994 995 996 997 998 999 1000 0
981 982 983 984 985 986 987 989 990 991 992 993 994 995 996 997 998 999 1000 0
981 982 983 984 985 986 988 989 990 991 992 993 994 995 996 997 998 999 1000 0
981 982 983 984 985 987 988 989 990 991 992 993 994 995 996 997 998 999 1000 0
981 982 983 984 986 987 988 989 990 991 992 993 994 995 996 997 998 999 1000 0
981 982 983 985 986 987 988 989 990 991 992 993 994 995 996 997 998 999 1000 0
981 982 984 985 986 987 988 989 990 991 992 993 994 995 996 997 998 999 1000 0
981 983 984 985 986 987 988 989 990 991 992 993 994 995 996 997 998 999 1000 0
982 983 984 985 986 987 988 989 990 991 992 993 994 995 996 997 998 999 1000 0
1001 -921 0
1001 -941 0
1001 -141 0
1001 -221 0
1001 -241 0
1001 -281 0
1001 -481 0
1001 -581 0
1001 -601 0
1001 -721 0
1001 -761 0
1001 -781 0
1001 -841 0
1001 -861 0
1002 -2 0
1002 -22 0
1002 -942 0
1002 -402 0
1002 -522 0
1002 -642 0
1002 -742 0
1002 -762 0
1002 -822 0
1002 -842 0
1003 -63 0
1003 -183 0
1003 -203 0
1003 -223 0
1003 -323 0
1003 -583 0
1003 -603 0
1003 -663 0
1003 -803 0
1004 -284 0
1004 -584 0
1004 -624 0
1004 -644 0
1004 -664 0
1004 -684 0
1004 -724 0
1004 -784 0
1004 -804 0
1004 -904 0
1005 -925 0
1005 -45 0
1005 -65 0
1005 -85 0
1005 -105 0
1005 -965 0
1005 -145 0
1005 -265 0
1005 -325 0
1005 -405 0
1005 -465 0
1005 -505 0
1005 -585 0
1005 -665 0
1005 -785 0
1005 -885 0
1006 -926 0
1006 -6 0
1006 -126 0
1006 -326 0
1006 -366 0
1006 -406 0
1006 -506 0
1006 -526 0
1006 -566 0
1006 -726 0
1006 -866 0
1006 -906 0
1007 -167 0
1007 -187 0
1007 -247 0
1007 -287 0
1007 -307 0
1007 -487 0
1007 -547 0
1007 -647 0
1007 -667 0
1008 -928 0
1008 -28 0
1008 -108 0
1008 -148 0
1008 -228 0
1008 -288 0
1008 -388 0
1008 -408 0
1008 -428 0
1008 -708 0
1008 -788 0
1009 -929 0
1009 -309 0
1009 -469 0
1009 -529 0
1009 -569 0
1009 -709 0
1009 -889 0
1010 -10 0
1010 -70 0
1010 -970 0
1010 -210 0
1010 -270 0
1010 -990 0
1010 -530 0
1010 -710 0
1010 -830 0
1010 -910 0
1011 -951 0
1011 -131 0
1011 -411 0
1011 -471 0
1011 -491 0
1011 -511 0
1011 -551 0
1011 -571 0
1011 -751 0
1011 -851 0
1011 -891 0
1012 -932 0
1012 -32 0
1012 -952 0
1012 -172 0
1012 -392 0
1012 -432 0
1012 -492 0
1012 -552 0
1012 -592 0
1012 -612 0
1012 -772 0
1013 -73 0
1013 -93 0
1013 -133 0
1013 -313 0
1013 -393 0
1013 -533 0
1013 -733 0
1013 -793 0
1014 -14 0
1014 -114 0
1014 -134 0
1014 -994 0
1014 -454 0
1014 -474 0
1014 -514 0
1014 -614 0
1014 -634 0
1014 -654 0
1014 -674 0
1014 -814 0
1015 -115 0
1015 -215 0
1015 -335 0
1015 -355 0
1015 -535 0
1015 -695 0
1015 -815 0
1016 -56 0
1016 -76 0
1016 -196 0
1016 -356 0
1016 -396 0
1016 -556 0
1016 -616 0
1016 -696 0
1016 -776 0
1016 -836 0
1016 -856 0
1016 -876 0
1017 -17 0
1017 -117 0
1017 -217 0
1017 -317 0
1017 -357 0
1017 -377 0
1017 -397 0
1017 -457 0
1017 -577 0
1017 -597 0
1017 -777 0
1017 -817 0
1018 -178 0
1018 -258 0
1018 -458 0
1018 -478 0
1018 -618 0
1018 -698 0
1018 -838 0
1019 -959 0
1019 -99 0
1019 -139 0
1019 -979 0
1019 -279 0
1019 -299 0
1019 -999 0
1019 -339 0
1019 -399 0
1019 -439 0
1019 -459 0
1019 -559 0
1019 -599 0
1019 -639 0
1019 -759 0
1019 -899 0
1019 -919 0
1020 -60 0
1020 -180 0
1020 -320 0
1020 -340 0
1020 -360 0
1020 -380 0
1020 -460 0
1020 -480 0
1020 -540 0
1020 -820 0
1020 -860 0
921 922 923 924 925 926 927 928 929 930 931 932 933 934 935 936 937 938 939 0
921 922 923 924 925 926 927 928 929 930 931 932 933 934 935 936 937 938 940 0
921 922 923 924 925 926 927 928 929 930 931 932 933 934 935 936 937 939 940 0
921 922 923 924 925 926 927 928 929 930 931 932 933 934 935 936 938 939 940 0
921 922 923 924 925 926 927 928 929 930 931 932 933 934 935 937 938 939 940 0
921 922 923 924 925 926 927 928 929 930 931 932 933 934 936 937 938 939 940 0
921 922 923 924 925 926 927 928 929 930 931 932 933 935 936 937 938 939 940 0
921 922 923 924 925 926 927 928 929 930 931 932 934 935 936 937 938 939 940 0
921 922 923 924 925 926 927 928 929 930 931 933 934 935 936 937 938 939 940 0
921 922 923 924 925 926 927 928 929 930 932 933 934 935 936 937 938 939 940 0
921 922 923 924 925 926 927 928 929 931 932 933 934 935 936 937 938 939 940 0
921 922 923 924 925 926 927 928 930 931 932 933 934 935 936 937 938 939 940 0
921 922 923 924 925 926 927 929 930 931 932 933 934 935 936 937 938 939 940 0
921 922 923 924 925 926 928 929 930 931 932 933 934 935 936 937 938 939 940 0
921 922 923 924 925 927 928 929 930 931 932 933 934 935 936 937 938 939 940 0
921 922 923 924 926 927 928 929 930 931 932 933 934 935 936 937 938 939 940 0
921 922 923 925 926 927 928 929 930 931 932 933 934 935 936 937 938 939 940 0
921 922 924 925 926 927 928 929 930 931 932 933 934 935 936 937 938 939 940 0
921 923 924 925 926 927 928 929 930 931 932 933 934 935 936 937 938 939 940 0
922 923 924 925 926 927 928 929 930 931 932 933 934 935 936 937 938 939 940 0
941 942 943 944 945 946 947 948 949 950 951 952 953 954 955 956 957 958 959 0
941 942 943 944 945 946 947 948 949 950 951 952 953 954 955 956 957 958 960 0
941 942 943 944 945 946 947 948 949 950 951 952 953 954 955 956 957 959 960 0
941 942 943 944 945 946 947 948 949 950 951 952 953 954 955 956 958 959 960 0
941 942 943 944 945 946 947 948 949 950 951 952 953 954 955 957 958 959 960 0
941 942 943 944 945 946 947 948 949 950 951 952 953 954 956 957 958 959 960 0
941 942 943 944 945 946 947 948 949 950 951 952 953 955 956 957 958 959 960 0
941 942 943 944 945 946 947 948 949 950 951 952 954 955 956 957 958 959 960 0
941 942 943 944 945 946 947 948 949 950 951 953 954 955 956 957 958 959 960 0
941 942 943 944 945 946 947 948 949 950 952 953 954 955 956 957 958 959 960 0
941 942 943 944 945 946 947 948 949 951 952 953 954 955 956 957 958 959 960 0
941 942 943 944 945 946 947 948 950 951 952 953 954 955 956 957 958 959 960 0
941 942 943 944 945 946 947 949 950 951 952 953 954 955 956 957 958 959 960 0
941 942 943 944 945 946 948 949 950 951 952 953 954 955 956 957 958 959 960 0
941 942 943 944 945 947 948 949 950 951 952 953 954 955 956 957 958 959 960 0
941 942 943 944 946 947 948 949 950 951 952 953 954 955 956 957 958 959 960 0
941 942 943 945 946 947 948 949 950 951 952 953 954 955 956 957 958 959 960 0
941 942 944 945 946 947 948 949 950 951 952 953 954 955 956 957 958 959 960 0
941 943 944 945 946 947 948 949 950 951 952 953 954 955 956 957 958 959 960 0
942 943 944 945 946 947 948 949 950 951 952 953 954 955 956 957 958 959 960 0
961 962 963 964 965 966 967 968 969 970 971 972 973 974 975 976 977 978 979 0
961 962 963 964 965 966 967 968 969 970 971 972 973 974 975 976 977 978 980 0
961 962 963 964 965 966 967 968 969 970 971 972 973 974 975 976 977 979 980 0
961 962 963 964 965 966 967 968 969 970 971 972 973 974 975 976 978 979 980 0
961 962 963 964 965 966 967 968 969 970 971 972 973 974 975 977 978 979 980 0
961 962 963 964 965 966 967 968 969 970 971 972 973 974 976 977 978 979 980 0
961 962 963 964 965 966 967 968 969 970 971 972 973 975 976 977 978 979 980 0
961 962 963 964 965 966 967 968 969 970 971 972 974 975 976 977 978 979 980 0
961 962 963 964 965 966 967 968 969 970 971 973 974 975 976 977 978 979 980 0
961 962 963 964 965 966 967 968 969 970 972 973 974 975 976 977 978 979 980 0
961 962 963 964 965 966 967 968 969 971 972 973 974 975 976 977 978 979 980 0
961 962 963 964 965 966 967 968 970 971 972 973 974 975 976 977 978 979 980 0
961 962 963 964 965 966 967 969 970 971 972 973 974 975 976 977 978 979 980 0
961 962 963 964 965 966 968 969 970 971 972 973 974 975 976 977 978 979 980 0
961 962 963 964 965 967 968 969 970 971 972 973 974 975 976 977 978 979 980 0
961 962 963 964 966 967 968 969 970 971 972 973 974 975 976 977 978 979 980 0
961 962 963 965 966 967 968 969 970 971 972 973 974 975 976 977 978 979 980 0
961 962 964 965 966 967 968 969 970 971 972 973 974 975 976 977 978 979 980 0
961 963 964 965 966 967 968 969 970 971 972 973 974 975 976 977 978 979 980 0
962 963 964 965 966 967 968 969 970 971 972 973 974 975 976 977 978 979 980 0
981 982 983 984 985 986 987 988 989 990 991 992 993 994 995 996 997 998 999 0
981 982 983 984 985 986 987 988 989 990 991 992 993 994 995 996 997 998 1000 0
981 982 983 984 985 986 987 988 989 990 991 992 993 994 995 996 997 999 1000 0
981 982 983 984 985 986 987 988 989 990 991 992 993 994 995 996 998 999 1000 0
981 982 983 984 985 986 987 988 989 990 991 992 993 994 995 997 998 999 1000 0
981 982 983 984 985 986 987 988 989 990 991 992 993 994 996 997 998 999 1000 0
981 982 983 984 985 986 987 988 989 990 991 992 993 995 996 997 998 999 1000 0
981 982 983 984 985 986 987 988 989 990 991 992 994 995 996 997 998 999 1000 0
981 982 983 984 985 986 987 988 989 990 991 993 994 995 996 997 998 999 1000 0
981 982 983 984 985 986 987 988 989 990 992 993 994 995 996 997 998 999 1000 0
981 982 983 984 985 986 987 988 989 991 992 993 994 995 996 997 998 999 1000 0
981 982 983 984 985 986 987 988 990 991 992 993 994 995 996 997 998 999 1000 0
981 982 983 984 985 986 987 989 990 991 992 993 994 995 996 997 998 999 1000 0
981 982 983 984 985 986 988 989 990 991 992 993 994 995 996 997 998 999 1000 0
981 982 983 984 985 987 988 989 990 991 992 993 994 995 996 997 998 999 1000 0
981 982 983 984 986 987 988 989 990 991 992 993 994 995 996 997 998 999 1000 0
981 982 983 985 986 987 988 989 990 991 992 993 994 995 996 997 998 999 1000 0
981 982 984 985 986 987 988 989 990 991 992 993 994 995 996 997 998 999 1000 0
981 983 984 985 986 987 988 989 990 991 992 993 994 995 996 997 998 999 1000 0
982 983 984 985 986 987 988 989 990 991 992 993 994 995 996 997 998 999 1000 0
