-1 0
-2 0
-3 0
-4 0
-5 0
-6 0
-7 0
-8 0
-9 0
-10 0
-11 0
-12 0
-13 0
-14 0
-15 0
-16 0
-17 0
-18 0
-19 0
-20 0
-21 0
-22 0
-23 0
-24 0
-25 0
-26 0
-27 0
-28 0
-29 0
-30 0
-31 0
-32 0
-33 0
-34 0
-35 0
-36 0
-37 0
-38 0
-39 0
-40 0
-41 0
-42 0
-43 0
-44 0
-45 0
-46 0
-47 0
-48 0
-49 0
-50 0
-51 0
-52 0
-53 0
-54 0
-55 0
-56 0
-57 0
-58 0
-59 0
-60 0
-61 0
-62 0
-63 0
-64 0
-65 0
-66 0
-67 0
-68 0
-69 0
-70 0
-71 0
-72 0
-73 0
-74 0
-75 0
-76 0
-77 0
-78 0
-79 0
-80 0
-81 0
-82 0
-83 0
-84 0
-85 0
-86 0
-87 0
-88 0
-89 0
-90 0
-91 0
-92 0
-93 0
-94 0
-95 0
-96 0
-97 0
-98 0
-99 0
-100 0
-101 0
-102 0
-103 0
-104 0
-105 0
-106 0
-107 0
-108 0
-109 0
-110 0
-111 0
-112 0
-113 0
-114 0
-115 0
-116 0
-117 0
-118 0
-119 0
-120 0
-121 0
-122 0
-123 0
-124 0
-125 0
-126 0
-127 0
-128 0
-129 0
-130 0
-131 0
-132 0
-133 0
-134 0
-135 0
-136 0
-137 0
-138 0
-139 0
-140 0
-141 0
-142 0
-143 0
-144 0
-145 0
-146 0
-147 0
-148 0
-149 0
-150 0
-151 0
-152 0
-153 0
-154 0
-155 0
-156 0
-157 0
-158 0
-159 0
-160 0
-161 0
-162 0
-163 0
-164 0
-165 0
-166 0
-167 0
-168 0
-169 0
-170 0
-171 0
-172 0
-173 0
-174 0
-175 0
-176 0
-177 0
-178 0
-179 0
-180 0
-181 0
-182 0
-183 0
-184 0
-185 0
-186 0
-187 0
-188 0
-189 0
-190 0
-191 0
-192 0
-193 0
-194 0
-195 0
-196 0
-197 0
-198 0
-199 0
-200 0
-201 0
-202 0
-203 0
-204 0
-205 0
-206 0
-207 0
-208 0
-209 0
-210 0
-211 0
-212 0
-213 0
-214 0
-215 0
-216 0
-217 0
-218 0
-219 0
-220 0
-221 0
-222 0
-223 0
-224 0
225 226 0
-225 -226 0
227 228 0
-227 -228 0
229 230 0
-229 -230 0
231 232 0
-231 -232 0
233 234 0
-233 -234 0
235 236 0
-235 -236 0
237 238 0
-237 -238 0
239 240 0
-239 -240 0
241 242 0
-241 -242 0
243 244 0
-243 -244 0
245 246 0
-245 -246 0
247 248 0
-247 -248 0
249 250 0
-249 -250 0
251 252 0
-251 -252 0
-253 -254 0
-253 -255 0
-253 -256 0
-253 -257 0
-253 -258 0
-253 -1 0
-253 -3 0
-253 -5 0
-253 -7 0
-253 -9 0
-253 -11 0
-253 -13 0
-253 -15 0
-253 -259 0
-253 -260 0
-253 -261 0
-253 -262 0
-253 -263 0
-253 -264 0
-253 -265 0
-253 -266 0
-253 -267 0
-253 -268 0
-254 -255 0
-254 -256 0
-254 -257 0
-254 -258 0
-254 -1 0
-254 -3 0
-254 -5 0
-254 -7 0
-254 -9 0
-254 -11 0
-254 -13 0
-254 -15 0
-254 -259 0
-254 -260 0
-254 -261 0
-254 -262 0
-254 -263 0
-254 -264 0
-254 -265 0
-254 -266 0
-254 -267 0
-254 -268 0
-255 -256 0
-255 -257 0
-255 -258 0
-255 -1 0
-255 -3 0
-255 -5 0
-255 -7 0
-255 -9 0
-255 -11 0
-255 -13 0
-255 -15 0
-255 -259 0
-255 -260 0
-255 -261 0
-255 -262 0
-255 -263 0
-255 -264 0
-255 -265 0
-255 -266 0
-255 -267 0
-255 -268 0
-256 -257 0
-256 -258 0
-256 -1 0
-256 -3 0
-256 -5 0
-256 -7 0
-256 -9 0
-256 -11 0
-256 -13 0
-256 -15 0
-256 -259 0
-256 -260 0
-256 -261 0
-256 -262 0
-256 -263 0
-256 -264 0
-256 -265 0
-256 -266 0
-256 -267 0
-256 -268 0
-257 -258 0
-257 -1 0
-257 -3 0
-257 -5 0
-257 -7 0
-257 -9 0
-257 -11 0
-257 -13 0
-257 -15 0
-257 -259 0
-257 -260 0
-257 -261 0
-257 -262 0
-257 -263 0
-257 -264 0
-257 -265 0
-257 -266 0
-257 -267 0
-257 -268 0
-258 -1 0
-258 -3 0
-258 -5 0
-258 -7 0
-258 -9 0
-258 -11 0
-258 -13 0
-258 -15 0
-258 -259 0
-258 -260 0
-258 -261 0
-258 -262 0
-258 -263 0
-258 -264 0
-258 -265 0
-258 -266 0
-258 -267 0
-258 -268 0
-1 -3 0
-1 -5 0
-1 -7 0
-1 -9 0
-1 -11 0
-1 -13 0
-1 -15 0
-1 -259 0
-1 -260 0
-1 -261 0
-1 -262 0
-1 -263 0
-1 -264 0
-1 -265 0
-1 -266 0
-1 -267 0
-1 -268 0
-3 -5 0
-3 -7 0
-3 -9 0
-3 -11 0
-3 -13 0
-3 -15 0
-3 -259 0
-3 -260 0
-3 -261 0
-3 -262 0
-3 -263 0
-3 -264 0
-3 -265 0
-3 -266 0
-3 -267 0
-3 -268 0
-5 -7 0
-5 -9 0
-5 -11 0
-5 -13 0
-5 -15 0
-5 -259 0
-5 -260 0
-5 -261 0
-5 -262 0
-5 -263 0
-5 -264 0
-5 -265 0
-5 -266 0
-5 -267 0
-5 -268 0
-7 -9 0
-7 -11 0
-7 -13 0
-7 -15 0
-7 -259 0
-7 -260 0
-7 -261 0
-7 -262 0
-7 -263 0
-7 -264 0
-7 -265 0
-7 -266 0
-7 -267 0
-7 -268 0
-9 -11 0
-9 -13 0
-9 -15 0
-9 -259 0
-9 -260 0
-9 -261 0
-9 -262 0
-9 -263 0
-9 -264 0
-9 -265 0
-9 -266 0
-9 -267 0
-9 -268 0
-11 -13 0
-11 -15 0
-11 -259 0
-11 -260 0
-11 -261 0
-11 -262 0
-11 -263 0
-11 -264 0
-11 -265 0
-11 -266 0
-11 -267 0
-11 -268 0
-13 -15 0
-13 -259 0
-13 -260 0
-13 -261 0
-13 -262 0
-13 -263 0
-13 -264 0
-13 -265 0
-13 -266 0
-13 -267 0
-13 -268 0
-15 -259 0
-15 -260 0
-15 -261 0
-15 -262 0
-15 -263 0
-15 -264 0
-15 -265 0
-15 -266 0
-15 -267 0
-15 -268 0
-259 -260 0
-259 -261 0
-259 -262 0
-259 -263 0
-259 -264 0
-259 -265 0
-259 -266 0
-259 -267 0
-259 -268 0
-260 -261 0
-260 -262 0
-260 -263 0
-260 -264 0
-260 -265 0
-260 -266 0
-260 -267 0
-260 -268 0
-261 -262 0
-261 -263 0
-261 -264 0
-261 -265 0
-261 -266 0
-261 -267 0
-261 -268 0
-262 -263 0
-262 -264 0
-262 -265 0
-262 -266 0
-262 -267 0
-262 -268 0
-263 -264 0
-263 -265 0
-263 -266 0
-263 -267 0
-263 -268 0
-264 -265 0
-264 -266 0
-264 -267 0
-264 -268 0
-265 -266 0
-265 -267 0
-265 -268 0
-266 -267 0
-266 -268 0
-267 -268 0
-269 -270 0
-269 -271 0
-269 -272 0
-269 -273 0
-269 -274 0
-269 -17 0
-269 -19 0
-269 -21 0
-269 -23 0
-269 -25 0
-269 -27 0
-269 -29 0
-269 -31 0
-269 -275 0
-269 -276 0
-269 -277 0
-269 -278 0
-269 -279 0
-269 -280 0
-269 -281 0
-269 -282 0
-269 -283 0
-269 -284 0
-270 -271 0
-270 -272 0
-270 -273 0
-270 -274 0
-270 -17 0
-270 -19 0
-270 -21 0
-270 -23 0
-270 -25 0
-270 -27 0
-270 -29 0
-270 -31 0
-270 -275 0
-270 -276 0
-270 -277 0
-270 -278 0
-270 -279 0
-270 -280 0
-270 -281 0
-270 -282 0
-270 -283 0
-270 -284 0
-271 -272 0
-271 -273 0
-271 -274 0
-271 -17 0
-271 -19 0
-271 -21 0
-271 -23 0
-271 -25 0
-271 -27 0
-271 -29 0
-271 -31 0
-271 -275 0
-271 -276 0
-271 -277 0
-271 -278 0
-271 -279 0
-271 -280 0
-271 -281 0
-271 -282 0
-271 -283 0
-271 -284 0
-272 -273 0
-272 -274 0
-272 -17 0
-272 -19 0
-272 -21 0
-272 -23 0
-272 -25 0
-272 -27 0
-272 -29 0
-272 -31 0
-272 -275 0
-272 -276 0
-272 -277 0
-272 -278 0
-272 -279 0
-272 -280 0
-272 -281 0
-272 -282 0
-272 -283 0
-272 -284 0
-273 -274 0
-273 -17 0
-273 -19 0
-273 -21 0
-273 -23 0
-273 -25 0
-273 -27 0
-273 -29 0
-273 -31 0
-273 -275 0
-273 -276 0
-273 -277 0
-273 -278 0
-273 -279 0
-273 -280 0
-273 -281 0
-273 -282 0
-273 -283 0
-273 -284 0
-274 -17 0
-274 -19 0
-274 -21 0
-274 -23 0
-274 -25 0
-274 -27 0
-274 -29 0
-274 -31 0
-274 -275 0
-274 -276 0
-274 -277 0
-274 -278 0
-274 -279 0
-274 -280 0
-274 -281 0
-274 -282 0
-274 -283 0
-274 -284 0
-17 -19 0
-17 -21 0
-17 -23 0
-17 -25 0
-17 -27 0
-17 -29 0
-17 -31 0
-17 -275 0
-17 -276 0
-17 -277 0
-17 -278 0
-17 -279 0
-17 -280 0
-17 -281 0
-17 -282 0
-17 -283 0
-17 -284 0
-19 -21 0
-19 -23 0
-19 -25 0
-19 -27 0
-19 -29 0
-19 -31 0
-19 -275 0
-19 -276 0
-19 -277 0
-19 -278 0
-19 -279 0
-19 -280 0
-19 -281 0
-19 -282 0
-19 -283 0
-19 -284 0
-21 -23 0
-21 -25 0
-21 -27 0
-21 -29 0
-21 -31 0
-21 -275 0
-21 -276 0
-21 -277 0
-21 -278 0
-21 -279 0
-21 -280 0
-21 -281 0
-21 -282 0
-21 -283 0
-21 -284 0
-23 -25 0
-23 -27 0
-23 -29 0
-23 -31 0
-23 -275 0
-23 -276 0
-23 -277 0
-23 -278 0
-23 -279 0
-23 -280 0
-23 -281 0
-23 -282 0
-23 -283 0
-23 -284 0
-25 -27 0
-25 -29 0
-25 -31 0
-25 -275 0
-25 -276 0
-25 -277 0
-25 -278 0
-25 -279 0
-25 -280 0
-25 -281 0
-25 -282 0
-25 -283 0
-25 -284 0
-27 -29 0
-27 -31 0
-27 -275 0
-27 -276 0
-27 -277 0
-27 -278 0
-27 -279 0
-27 -280 0
-27 -281 0
-27 -282 0
-27 -283 0
-27 -284 0
-29 -31 0
-29 -275 0
-29 -276 0
-29 -277 0
-29 -278 0
-29 -279 0
-29 -280 0
-29 -281 0
-29 -282 0
-29 -283 0
-29 -284 0
-31 -275 0
-31 -276 0
-31 -277 0
-31 -278 0
-31 -279 0
-31 -280 0
-31 -281 0
-31 -282 0
-31 -283 0
-31 -284 0
-275 -276 0
-275 -277 0
-275 -278 0
-275 -279 0
-275 -280 0
-275 -281 0
-275 -282 0
-275 -283 0
-275 -284 0
-276 -277 0
-276 -278 0
-276 -279 0
-276 -280 0
-276 -281 0
-276 -282 0
-276 -283 0
-276 -284 0
-277 -278 0
-277 -279 0
-277 -280 0
-277 -281 0
-277 -282 0
-277 -283 0
-277 -284 0
-278 -279 0
-278 -280 0
-278 -281 0
-278 -282 0
-278 -283 0
-278 -284 0
-279 -280 0
-279 -281 0
-279 -282 0
-279 -283 0
-279 -284 0
-280 -281 0
-280 -282 0
-280 -283 0
-280 -284 0
-281 -282 0
-281 -283 0
-281 -284 0
-282 -283 0
-282 -284 0
-283 -284 0
-285 -286 0
-285 -287 0
-285 -288 0
-285 -289 0
-285 -290 0
-285 -33 0
-285 -35 0
-285 -37 0
-285 -39 0
-285 -41 0
-285 -43 0
-285 -45 0
-285 -47 0
-285 -291 0
-285 -292 0
-285 -293 0
-285 -294 0
-285 -295 0
-285 -296 0
-285 -297 0
-285 -298 0
-285 -299 0
-285 -300 0
-286 -287 0
-286 -288 0
-286 -289 0
-286 -290 0
-286 -33 0
-286 -35 0
-286 -37 0
-286 -39 0
-286 -41 0
-286 -43 0
-286 -45 0
-286 -47 0
-286 -291 0
-286 -292 0
-286 -293 0
-286 -294 0
-286 -295 0
-286 -296 0
-286 -297 0
-286 -298 0
-286 -299 0
-286 -300 0
-287 -288 0
-287 -289 0
-287 -290 0
-287 -33 0
-287 -35 0
-287 -37 0
-287 -39 0
-287 -41 0
-287 -43 0
-287 -45 0
-287 -47 0
-287 -291 0
-287 -292 0
-287 -293 0
-287 -294 0
-287 -295 0
-287 -296 0
-287 -297 0
-287 -298 0
-287 -299 0
-287 -300 0
-288 -289 0
-288 -290 0
-288 -33 0
-288 -35 0
-288 -37 0
-288 -39 0
-288 -41 0
-288 -43 0
-288 -45 0
-288 -47 0
-288 -291 0
-288 -292 0
-288 -293 0
-288 -294 0
-288 -295 0
-288 -296 0
-288 -297 0
-288 -298 0
-288 -299 0
-288 -300 0
-289 -290 0
-289 -33 0
-289 -35 0
-289 -37 0
-289 -39 0
-289 -41 0
-289 -43 0
-289 -45 0
-289 -47 0
-289 -291 0
-289 -292 0
-289 -293 0
-289 -294 0
-289 -295 0
-289 -296 0
-289 -297 0
-289 -298 0
-289 -299 0
-289 -300 0
-290 -33 0
-290 -35 0
-290 -37 0
-290 -39 0
-290 -41 0
-290 -43 0
-290 -45 0
-290 -47 0
-290 -291 0
-290 -292 0
-290 -293 0
-290 -294 0
-290 -295 0
-290 -296 0
-290 -297 0
-290 -298 0
-290 -299 0
-290 -300 0
-33 -35 0
-33 -37 0
-33 -39 0
-33 -41 0
-33 -43 0
-33 -45 0
-33 -47 0
-33 -291 0
-33 -292 0
-33 -293 0
-33 -294 0
-33 -295 0
-33 -296 0
-33 -297 0
-33 -298 0
-33 -299 0
-33 -300 0
-35 -37 0
-35 -39 0
-35 -41 0
-35 -43 0
-35 -45 0
-35 -47 0
-35 -291 0
-35 -292 0
-35 -293 0
-35 -294 0
-35 -295 0
-35 -296 0
-35 -297 0
-35 -298 0
-35 -299 0
-35 -300 0
-37 -39 0
-37 -41 0
-37 -43 0
-37 -45 0
-37 -47 0
-37 -291 0
-37 -292 0
-37 -293 0
-37 -294 0
-37 -295 0
-37 -296 0
-37 -297 0
-37 -298 0
-37 -299 0
-37 -300 0
-39 -41 0
-39 -43 0
-39 -45 0
-39 -47 0
-39 -291 0
-39 -292 0
-39 -293 0
-39 -294 0
-39 -295 0
-39 -296 0
-39 -297 0
-39 -298 0
-39 -299 0
-39 -300 0
-41 -43 0
-41 -45 0
-41 -47 0
-41 -291 0
-41 -292 0
-41 -293 0
-41 -294 0
-41 -295 0
-41 -296 0
-41 -297 0
-41 -298 0
-41 -299 0
-41 -300 0
-43 -45 0
-43 -47 0
-43 -291 0
-43 -292 0
-43 -293 0
-43 -294 0
-43 -295 0
-43 -296 0
-43 -297 0
-43 -298 0
-43 -299 0
-43 -300 0
-45 -47 0
-45 -291 0
-45 -292 0
-45 -293 0
-45 -294 0
-45 -295 0
-45 -296 0
-45 -297 0
-45 -298 0
-45 -299 0
-45 -300 0
-47 -291 0
-47 -292 0
-47 -293 0
-47 -294 0
-47 -295 0
-47 -296 0
-47 -297 0
-47 -298 0
-47 -299 0
-47 -300 0
-291 -292 0
-291 -293 0
-291 -294 0
-291 -295 0
-291 -296 0
-291 -297 0
-291 -298 0
-291 -299 0
-291 -300 0
-292 -293 0
-292 -294 0
-292 -295 0
-292 -296 0
-292 -297 0
-292 -298 0
-292 -299 0
-292 -300 0
-293 -294 0
-293 -295 0
-293 -296 0
-293 -297 0
-293 -298 0
-293 -299 0
-293 -300 0
-294 -295 0
-294 -296 0
-294 -297 0
-294 -298 0
-294 -299 0
-294 -300 0
-295 -296 0
-295 -297 0
-295 -298 0
-295 -299 0
-295 -300 0
-296 -297 0
-296 -298 0
-296 -299 0
-296 -300 0
-297 -298 0
-297 -299 0
-297 -300 0
-298 -299 0
-298 -300 0
-299 -300 0
-301 -302 0
-301 -303 0
-301 -304 0
-301 -305 0
-301 -306 0
-301 -307 0
-301 -308 0
-301 -309 0
-301 -310 0
-301 -311 0
-301 -312 0
-301 -313 0
-301 -314 0
-301 -49 0
-301 -51 0
-301 -53 0
-301 -55 0
-301 -57 0
-301 -59 0
-301 -61 0
-301 -63 0
-301 -315 0
-301 -316 0
-302 -303 0
-302 -304 0
-302 -305 0
-302 -306 0
-302 -307 0
-302 -308 0
-302 -309 0
-302 -310 0
-302 -311 0
-302 -312 0
-302 -313 0
-302 -314 0
-302 -49 0
-302 -51 0
-302 -53 0
-302 -55 0
-302 -57 0
-302 -59 0
-302 -61 0
-302 -63 0
-302 -315 0
-302 -316 0
-303 -304 0
-303 -305 0
-303 -306 0
-303 -307 0
-303 -308 0
-303 -309 0
-303 -310 0
-303 -311 0
-303 -312 0
-303 -313 0
-303 -314 0
-303 -49 0
-303 -51 0
-303 -53 0
-303 -55 0
-303 -57 0
-303 -59 0
-303 -61 0
-303 -63 0
-303 -315 0
-303 -316 0
-304 -305 0
-304 -306 0
-304 -307 0
-304 -308 0
-304 -309 0
-304 -310 0
-304 -311 0
-304 -312 0
-304 -313 0
-304 -314 0
-304 -49 0
-304 -51 0
-304 -53 0
-304 -55 0
-304 -57 0
-304 -59 0
-304 -61 0
-304 -63 0
-304 -315 0
-304 -316 0
-305 -306 0
-305 -307 0
-305 -308 0
-305 -309 0
-305 -310 0
-305 -311 0
-305 -312 0
-305 -313 0
-305 -314 0
-305 -49 0
-305 -51 0
-305 -53 0
-305 -55 0
-305 -57 0
-305 -59 0
-305 -61 0
-305 -63 0
-305 -315 0
-305 -316 0
-306 -307 0
-306 -308 0
-306 -309 0
-306 -310 0
-306 -311 0
-306 -312 0
-306 -313 0
-306 -314 0
-306 -49 0
-306 -51 0
-306 -53 0
-306 -55 0
-306 -57 0
-306 -59 0
-306 -61 0
-306 -63 0
-306 -315 0
-306 -316 0
-307 -308 0
-307 -309 0
-307 -310 0
-307 -311 0
-307 -312 0
-307 -313 0
-307 -314 0
-307 -49 0
-307 -51 0
-307 -53 0
-307 -55 0
-307 -57 0
-307 -59 0
-307 -61 0
-307 -63 0
-307 -315 0
-307 -316 0
-308 -309 0
-308 -310 0
-308 -311 0
-308 -312 0
-308 -313 0
-308 -314 0
-308 -49 0
-308 -51 0
-308 -53 0
-308 -55 0
-308 -57 0
-308 -59 0
-308 -61 0
-308 -63 0
-308 -315 0
-308 -316 0
-309 -310 0
-309 -311 0
-309 -312 0
-309 -313 0
-309 -314 0
-309 -49 0
-309 -51 0
-309 -53 0
-309 -55 0
-309 -57 0
-309 -59 0
-309 -61 0
-309 -63 0
-309 -315 0
-309 -316 0
-310 -311 0
-310 -312 0
-310 -313 0
-310 -314 0
-310 -49 0
-310 -51 0
-310 -53 0
-310 -55 0
-310 -57 0
-310 -59 0
-310 -61 0
-310 -63 0
-310 -315 0
-310 -316 0
-311 -312 0
-311 -313 0
-311 -314 0
-311 -49 0
-311 -51 0
-311 -53 0
-311 -55 0
-311 -57 0
-311 -59 0
-311 -61 0
-311 -63 0
-311 -315 0
-311 -316 0
-312 -313 0
-312 -314 0
-312 -49 0
-312 -51 0
-312 -53 0
-312 -55 0
-312 -57 0
-312 -59 0
-312 -61 0
-312 -63 0
-312 -315 0
-312 -316 0
-313 -314 0
-313 -49 0
-313 -51 0
-313 -53 0
-313 -55 0
-313 -57 0
-313 -59 0
-313 -61 0
-313 -63 0
-313 -315 0
-313 -316 0
-314 -49 0
-314 -51 0
-314 -53 0
-314 -55 0
-314 -57 0
-314 -59 0
-314 -61 0
-314 -63 0
-314 -315 0
-314 -316 0
-49 -51 0
-49 -53 0
-49 -55 0
-49 -57 0
-49 -59 0
-49 -61 0
-49 -63 0
-49 -315 0
-49 -316 0
-51 -53 0
-51 -55 0
-51 -57 0
-51 -59 0
-51 -61 0
-51 -63 0
-51 -315 0
-51 -316 0
-53 -55 0
-53 -57 0
-53 -59 0
-53 -61 0
-53 -63 0
-53 -315 0
-53 -316 0
-55 -57 0
-55 -59 0
-55 -61 0
-55 -63 0
-55 -315 0
-55 -316 0
-57 -59 0
-57 -61 0
-57 -63 0
-57 -315 0
-57 -316 0
-59 -61 0
-59 -63 0
-59 -315 0
-59 -316 0
-61 -63 0
-61 -315 0
-61 -316 0
-63 -315 0
-63 -316 0
-315 -316 0
-317 -318 0
-317 -319 0
-317 -320 0
-317 -321 0
-317 -322 0
-317 -323 0
-317 -324 0
-317 -325 0
-317 -326 0
-317 -327 0
-317 -328 0
-317 -329 0
-317 -330 0
-317 -65 0
-317 -67 0
-317 -69 0
-317 -71 0
-317 -73 0
-317 -75 0
-317 -77 0
-317 -79 0
-317 -331 0
-317 -332 0
-318 -319 0
-318 -320 0
-318 -321 0
-318 -322 0
-318 -323 0
-318 -324 0
-318 -325 0
-318 -326 0
-318 -327 0
-318 -328 0
-318 -329 0
-318 -330 0
-318 -65 0
-318 -67 0
-318 -69 0
-318 -71 0
-318 -73 0
-318 -75 0
-318 -77 0
-318 -79 0
-318 -331 0
-318 -332 0
-319 -320 0
-319 -321 0
-319 -322 0
-319 -323 0
-319 -324 0
-319 -325 0
-319 -326 0
-319 -327 0
-319 -328 0
-319 -329 0
-319 -330 0
-319 -65 0
-319 -67 0
-319 -69 0
-319 -71 0
-319 -73 0
-319 -75 0
-319 -77 0
-319 -79 0
-319 -331 0
-319 -332 0
-320 -321 0
-320 -322 0
-320 -323 0
-320 -324 0
-320 -325 0
-320 -326 0
-320 -327 0
-320 -328 0
-320 -329 0
-320 -330 0
-320 -65 0
-320 -67 0
-320 -69 0
-320 -71 0
-320 -73 0
-320 -75 0
-320 -77 0
-320 -79 0
-320 -331 0
-320 -332 0
-321 -322 0
-321 -323 0
-321 -324 0
-321 -325 0
-321 -326 0
-321 -327 0
-321 -328 0
-321 -329 0
-321 -330 0
-321 -65 0
-321 -67 0
-321 -69 0
-321 -71 0
-321 -73 0
-321 -75 0
-321 -77 0
-321 -79 0
-321 -331 0
-321 -332 0
-322 -323 0
-322 -324 0
-322 -325 0
-322 -326 0
-322 -327 0
-322 -328 0
-322 -329 0
-322 -330 0
-322 -65 0
-322 -67 0
-322 -69 0
-322 -71 0
-322 -73 0
-322 -75 0
-322 -77 0
-322 -79 0
-322 -331 0
-322 -332 0
-323 -324 0
-323 -325 0
-323 -326 0
-323 -327 0
-323 -328 0
-323 -329 0
-323 -330 0
-323 -65 0
-323 -67 0
-323 -69 0
-323 -71 0
-323 -73 0
-323 -75 0
-323 -77 0
-323 -79 0
-323 -331 0
-323 -332 0
-324 -325 0
-324 -326 0
-324 -327 0
-324 -328 0
-324 -329 0
-324 -330 0
-324 -65 0
-324 -67 0
-324 -69 0
-324 -71 0
-324 -73 0
-324 -75 0
-324 -77 0
-324 -79 0
-324 -331 0
-324 -332 0
-325 -326 0
-325 -327 0
-325 -328 0
-325 -329 0
-325 -330 0
-325 -65 0
-325 -67 0
-325 -69 0
-325 -71 0
-325 -73 0
-325 -75 0
-325 -77 0
-325 -79 0
-325 -331 0
-325 -332 0
-326 -327 0
-326 -328 0
-326 -329 0
-326 -330 0
-326 -65 0
-326 -67 0
-326 -69 0
-326 -71 0
-326 -73 0
-326 -75 0
-326 -77 0
-326 -79 0
-326 -331 0
-326 -332 0
-327 -328 0
-327 -329 0
-327 -330 0
-327 -65 0
-327 -67 0
-327 -69 0
-327 -71 0
-327 -73 0
-327 -75 0
-327 -77 0
-327 -79 0
-327 -331 0
-327 -332 0
-328 -329 0
-328 -330 0
-328 -65 0
-328 -67 0
-328 -69 0
-328 -71 0
-328 -73 0
-328 -75 0
-328 -77 0
-328 -79 0
-328 -331 0
-328 -332 0
-329 -330 0
-329 -65 0
-329 -67 0
-329 -69 0
-329 -71 0
-329 -73 0
-329 -75 0
-329 -77 0
-329 -79 0
-329 -331 0
-329 -332 0
-330 -65 0
-330 -67 0
-330 -69 0
-330 -71 0
-330 -73 0
-330 -75 0
-330 -77 0
-330 -79 0
-330 -331 0
-330 -332 0
-65 -67 0
-65 -69 0
-65 -71 0
-65 -73 0
-65 -75 0
-65 -77 0
-65 -79 0
-65 -331 0
-65 -332 0
-67 -69 0
-67 -71 0
-67 -73 0
-67 -75 0
-67 -77 0
-67 -79 0
-67 -331 0
-67 -332 0
-69 -71 0
-69 -73 0
-69 -75 0
-69 -77 0
-69 -79 0
-69 -331 0
-69 -332 0
-71 -73 0
-71 -75 0
-71 -77 0
-71 -79 0
-71 -331 0
-71 -332 0
-73 -75 0
-73 -77 0
-73 -79 0
-73 -331 0
-73 -332 0
-75 -77 0
-75 -79 0
-75 -331 0
-75 -332 0
-77 -79 0
-77 -331 0
-77 -332 0
-79 -331 0
-79 -332 0
-331 -332 0
-333 -334 0
-333 -335 0
-333 -336 0
-333 -337 0
-333 -338 0
-333 -339 0
-333 -340 0
-333 -341 0
-333 -342 0
-333 -343 0
-333 -344 0
-333 -345 0
-333 -346 0
-333 -81 0
-333 -83 0
-333 -85 0
-333 -87 0
-333 -89 0
-333 -91 0
-333 -93 0
-333 -95 0
-333 -347 0
-333 -348 0
-334 -335 0
-334 -336 0
-334 -337 0
-334 -338 0
-334 -339 0
-334 -340 0
-334 -341 0
-334 -342 0
-334 -343 0
-334 -344 0
-334 -345 0
-334 -346 0
-334 -81 0
-334 -83 0
-334 -85 0
-334 -87 0
-334 -89 0
-334 -91 0
-334 -93 0
-334 -95 0
-334 -347 0
-334 -348 0
-335 -336 0
-335 -337 0
-335 -338 0
-335 -339 0
-335 -340 0
-335 -341 0
-335 -342 0
-335 -343 0
-335 -344 0
-335 -345 0
-335 -346 0
-335 -81 0
-335 -83 0
-335 -85 0
-335 -87 0
-335 -89 0
-335 -91 0
-335 -93 0
-335 -95 0
-335 -347 0
-335 -348 0
-336 -337 0
-336 -338 0
-336 -339 0
-336 -340 0
-336 -341 0
-336 -342 0
-336 -343 0
-336 -344 0
-336 -345 0
-336 -346 0
-336 -81 0
-336 -83 0
-336 -85 0
-336 -87 0
-336 -89 0
-336 -91 0
-336 -93 0
-336 -95 0
-336 -347 0
-336 -348 0
-337 -338 0
-337 -339 0
-337 -340 0
-337 -341 0
-337 -342 0
-337 -343 0
-337 -344 0
-337 -345 0
-337 -346 0
-337 -81 0
-337 -83 0
-337 -85 0
-337 -87 0
-337 -89 0
-337 -91 0
-337 -93 0
-337 -95 0
-337 -347 0
-337 -348 0
-338 -339 0
-338 -340 0
-338 -341 0
-338 -342 0
-338 -343 0
-338 -344 0
-338 -345 0
-338 -346 0
-338 -81 0
-338 -83 0
-338 -85 0
-338 -87 0
-338 -89 0
-338 -91 0
-338 -93 0
-338 -95 0
-338 -347 0
-338 -348 0
-339 -340 0
-339 -341 0
-339 -342 0
-339 -343 0
-339 -344 0
-339 -345 0
-339 -346 0
-339 -81 0
-339 -83 0
-339 -85 0
-339 -87 0
-339 -89 0
-339 -91 0
-339 -93 0
-339 -95 0
-339 -347 0
-339 -348 0
-340 -341 0
-340 -342 0
-340 -343 0
-340 -344 0
-340 -345 0
-340 -346 0
-340 -81 0
-340 -83 0
-340 -85 0
-340 -87 0
-340 -89 0
-340 -91 0
-340 -93 0
-340 -95 0
-340 -347 0
-340 -348 0
-341 -342 0
-341 -343 0
-341 -344 0
-341 -345 0
-341 -346 0
-341 -81 0
-341 -83 0
-341 -85 0
-341 -87 0
-341 -89 0
-341 -91 0
-341 -93 0
-341 -95 0
-341 -347 0
-341 -348 0
-342 -343 0
-342 -344 0
-342 -345 0
-342 -346 0
-342 -81 0
-342 -83 0
-342 -85 0
-342 -87 0
-342 -89 0
-342 -91 0
-342 -93 0
-342 -95 0
-342 -347 0
-342 -348 0
-343 -344 0
-343 -345 0
-343 -346 0
-343 -81 0
-343 -83 0
-343 -85 0
-343 -87 0
-343 -89 0
-343 -91 0
-343 -93 0
-343 -95 0
-343 -347 0
-343 -348 0
-344 -345 0
-344 -346 0
-344 -81 0
-344 -83 0
-344 -85 0
-344 -87 0
-344 -89 0
-344 -91 0
-344 -93 0
-344 -95 0
-344 -347 0
-344 -348 0
-345 -346 0
-345 -81 0
-345 -83 0
-345 -85 0
-345 -87 0
-345 -89 0
-345 -91 0
-345 -93 0
-345 -95 0
-345 -347 0
-345 -348 0
-346 -81 0
-346 -83 0
-346 -85 0
-346 -87 0
-346 -89 0
-346 -91 0
-346 -93 0
-346 -95 0
-346 -347 0
-346 -348 0
-81 -83 0
-81 -85 0
-81 -87 0
-81 -89 0
-81 -91 0
-81 -93 0
-81 -95 0
-81 -347 0
-81 -348 0
-83 -85 0
-83 -87 0
-83 -89 0
-83 -91 0
-83 -93 0
-83 -95 0
-83 -347 0
-83 -348 0
-85 -87 0
-85 -89 0
-85 -91 0
-85 -93 0
-85 -95 0
-85 -347 0
-85 -348 0
-87 -89 0
-87 -91 0
-87 -93 0
-87 -95 0
-87 -347 0
-87 -348 0
-89 -91 0
-89 -93 0
-89 -95 0
-89 -347 0
-89 -348 0
-91 -93 0
-91 -95 0
-91 -347 0
-91 -348 0
-93 -95 0
-93 -347 0
-93 -348 0
-95 -347 0
-95 -348 0
-347 -348 0
-101 -103 0
-101 -105 0
-101 -107 0
-101 -109 0
-101 -111 0
-101 -349 0
-101 -350 0
-101 -351 0
-101 -352 0
-101 -353 0
-101 -354 0
-101 -355 0
-101 -356 0
-101 -357 0
-101 -358 0
-101 -359 0
-101 -360 0
-101 -361 0
-101 -362 0
-101 -363 0
-101 -364 0
-101 -97 0
-101 -99 0
-103 -105 0
-103 -107 0
-103 -109 0
-103 -111 0
-103 -349 0
-103 -350 0
-103 -351 0
-103 -352 0
-103 -353 0
-103 -354 0
-103 -355 0
-103 -356 0
-103 -357 0
-103 -358 0
-103 -359 0
-103 -360 0
-103 -361 0
-103 -362 0
-103 -363 0
-103 -364 0
-103 -97 0
-103 -99 0
-105 -107 0
-105 -109 0
-105 -111 0
-105 -349 0
-105 -350 0
-105 -351 0
-105 -352 0
-105 -353 0
-105 -354 0
-105 -355 0
-105 -356 0
-105 -357 0
-105 -358 0
-105 -359 0
-105 -360 0
-105 -361 0
-105 -362 0
-105 -363 0
-105 -364 0
-105 -97 0
-105 -99 0
-107 -109 0
-107 -111 0
-107 -349 0
-107 -350 0
-107 -351 0
-107 -352 0
-107 -353 0
-107 -354 0
-107 -355 0
-107 -356 0
-107 -357 0
-107 -358 0
-107 -359 0
-107 -360 0
-107 -361 0
-107 -362 0
-107 -363 0
-107 -364 0
-107 -97 0
-107 -99 0
-109 -111 0
-109 -349 0
-109 -350 0
-109 -351 0
-109 -352 0
-109 -353 0
-109 -354 0
-109 -355 0
-109 -356 0
-109 -357 0
-109 -358 0
-109 -359 0
-109 -360 0
-109 -361 0
-109 -362 0
-109 -363 0
-109 -364 0
-109 -97 0
-109 -99 0
-111 -349 0
-111 -350 0
-111 -351 0
-111 -352 0
-111 -353 0
-111 -354 0
-111 -355 0
-111 -356 0
-111 -357 0
-111 -358 0
-111 -359 0
-111 -360 0
-111 -361 0
-111 -362 0
-111 -363 0
-111 -364 0
-111 -97 0
-111 -99 0
-349 -350 0
-349 -351 0
-349 -352 0
-349 -353 0
-349 -354 0
-349 -355 0
-349 -356 0
-349 -357 0
-349 -358 0
-349 -359 0
-349 -360 0
-349 -361 0
-349 -362 0
-349 -363 0
-349 -364 0
-349 -97 0
-349 -99 0
-350 -351 0
-350 -352 0
-350 -353 0
-350 -354 0
-350 -355 0
-350 -356 0
-350 -357 0
-350 -358 0
-350 -359 0
-350 -360 0
-350 -361 0
-350 -362 0
-350 -363 0
-350 -364 0
-350 -97 0
-350 -99 0
-351 -352 0
-351 -353 0
-351 -354 0
-351 -355 0
-351 -356 0
-351 -357 0
-351 -358 0
-351 -359 0
-351 -360 0
-351 -361 0
-351 -362 0
-351 -363 0
-351 -364 0
-351 -97 0
-351 -99 0
-352 -353 0
-352 -354 0
-352 -355 0
-352 -356 0
-352 -357 0
-352 -358 0
-352 -359 0
-352 -360 0
-352 -361 0
-352 -362 0
-352 -363 0
-352 -364 0
-352 -97 0
-352 -99 0
-353 -354 0
-353 -355 0
-353 -356 0
-353 -357 0
-353 -358 0
-353 -359 0
-353 -360 0
-353 -361 0
-353 -362 0
-353 -363 0
-353 -364 0
-353 -97 0
-353 -99 0
-354 -355 0
-354 -356 0
-354 -357 0
-354 -358 0
-354 -359 0
-354 -360 0
-354 -361 0
-354 -362 0
-354 -363 0
-354 -364 0
-354 -97 0
-354 -99 0
-355 -356 0
-355 -357 0
-355 -358 0
-355 -359 0
-355 -360 0
-355 -361 0
-355 -362 0
-355 -363 0
-355 -364 0
-355 -97 0
-355 -99 0
-356 -357 0
-356 -358 0
-356 -359 0
-356 -360 0
-356 -361 0
-356 -362 0
-356 -363 0
-356 -364 0
-356 -97 0
-356 -99 0
-357 -358 0
-357 -359 0
-357 -360 0
-357 -361 0
-357 -362 0
-357 -363 0
-357 -364 0
-357 -97 0
-357 -99 0
-358 -359 0
-358 -360 0
-358 -361 0
-358 -362 0
-358 -363 0
-358 -364 0
-358 -97 0
-358 -99 0
-359 -360 0
-359 -361 0
-359 -362 0
-359 -363 0
-359 -364 0
-359 -97 0
-359 -99 0
-360 -361 0
-360 -362 0
-360 -363 0
-360 -364 0
-360 -97 0
-360 -99 0
-361 -362 0
-361 -363 0
-361 -364 0
-361 -97 0
-361 -99 0
-362 -363 0
-362 -364 0
-362 -97 0
-362 -99 0
-363 -364 0
-363 -97 0
-363 -99 0
-364 -97 0
-364 -99 0
-97 -99 0
-117 -119 0
-117 -121 0
-117 -123 0
-117 -125 0
-117 -127 0
-117 -365 0
-117 -366 0
-117 -367 0
-117 -368 0
-117 -369 0
-117 -370 0
-117 -371 0
-117 -372 0
-117 -373 0
-117 -374 0
-117 -375 0
-117 -376 0
-117 -377 0
-117 -378 0
-117 -379 0
-117 -380 0
-117 -113 0
-117 -115 0
-119 -121 0
-119 -123 0
-119 -125 0
-119 -127 0
-119 -365 0
-119 -366 0
-119 -367 0
-119 -368 0
-119 -369 0
-119 -370 0
-119 -371 0
-119 -372 0
-119 -373 0
-119 -374 0
-119 -375 0
-119 -376 0
-119 -377 0
-119 -378 0
-119 -379 0
-119 -380 0
-119 -113 0
-119 -115 0
-121 -123 0
-121 -125 0
-121 -127 0
-121 -365 0
-121 -366 0
-121 -367 0
-121 -368 0
-121 -369 0
-121 -370 0
-121 -371 0
-121 -372 0
-121 -373 0
-121 -374 0
-121 -375 0
-121 -376 0
-121 -377 0
-121 -378 0
-121 -379 0
-121 -380 0
-121 -113 0
-121 -115 0
-123 -125 0
-123 -127 0
-123 -365 0
-123 -366 0
-123 -367 0
-123 -368 0
-123 -369 0
-123 -370 0
-123 -371 0
-123 -372 0
-123 -373 0
-123 -374 0
-123 -375 0
-123 -376 0
-123 -377 0
-123 -378 0
-123 -379 0
-123 -380 0
-123 -113 0
-123 -115 0
-125 -127 0
-125 -365 0
-125 -366 0
-125 -367 0
-125 -368 0
-125 -369 0
-125 -370 0
-125 -371 0
-125 -372 0
-125 -373 0
-125 -374 0
-125 -375 0
-125 -376 0
-125 -377 0
-125 -378 0
-125 -379 0
-125 -380 0
-125 -113 0
-125 -115 0
-127 -365 0
-127 -366 0
-127 -367 0
-127 -368 0
-127 -369 0
-127 -370 0
-127 -371 0
-127 -372 0
-127 -373 0
-127 -374 0
-127 -375 0
-127 -376 0
-127 -377 0
-127 -378 0
-127 -379 0
-127 -380 0
-127 -113 0
-127 -115 0
-365 -366 0
-365 -367 0
-365 -368 0
-365 -369 0
-365 -370 0
-365 -371 0
-365 -372 0
-365 -373 0
-365 -374 0
-365 -375 0
-365 -376 0
-365 -377 0
-365 -378 0
-365 -379 0
-365 -380 0
-365 -113 0
-365 -115 0
-366 -367 0
-366 -368 0
-366 -369 0
-366 -370 0
-366 -371 0
-366 -372 0
-366 -373 0
-366 -374 0
-366 -375 0
-366 -376 0
-366 -377 0
-366 -378 0
-366 -379 0
-366 -380 0
-366 -113 0
-366 -115 0
-367 -368 0
-367 -369 0
-367 -370 0
-367 -371 0
-367 -372 0
-367 -373 0
-367 -374 0
-367 -375 0
-367 -376 0
-367 -377 0
-367 -378 0
-367 -379 0
-367 -380 0
-367 -113 0
-367 -115 0
-368 -369 0
-368 -370 0
-368 -371 0
-368 -372 0
-368 -373 0
-368 -374 0
-368 -375 0
-368 -376 0
-368 -377 0
-368 -378 0
-368 -379 0
-368 -380 0
-368 -113 0
-368 -115 0
-369 -370 0
-369 -371 0
-369 -372 0
-369 -373 0
-369 -374 0
-369 -375 0
-369 -376 0
-369 -377 0
-369 -378 0
-369 -379 0
-369 -380 0
-369 -113 0
-369 -115 0
-370 -371 0
-370 -372 0
-370 -373 0
-370 -374 0
-370 -375 0
-370 -376 0
-370 -377 0
-370 -378 0
-370 -379 0
-370 -380 0
-370 -113 0
-370 -115 0
-371 -372 0
-371 -373 0
-371 -374 0
-371 -375 0
-371 -376 0
-371 -377 0
-371 -378 0
-371 -379 0
-371 -380 0
-371 -113 0
-371 -115 0
-372 -373 0
-372 -374 0
-372 -375 0
-372 -376 0
-372 -377 0
-372 -378 0
-372 -379 0
-372 -380 0
-372 -113 0
-372 -115 0
-373 -374 0
-373 -375 0
-373 -376 0
-373 -377 0
-373 -378 0
-373 -379 0
-373 -380 0
-373 -113 0
-373 -115 0
-374 -375 0
-374 -376 0
-374 -377 0
-374 -378 0
-374 -379 0
-374 -380 0
-374 -113 0
-374 -115 0
-375 -376 0
-375 -377 0
-375 -378 0
-375 -379 0
-375 -380 0
-375 -113 0
-375 -115 0
-376 -377 0
-376 -378 0
-376 -379 0
-376 -380 0
-376 -113 0
-376 -115 0
-377 -378 0
-377 -379 0
-377 -380 0
-377 -113 0
-377 -115 0
-378 -379 0
-378 -380 0
-378 -113 0
-378 -115 0
-379 -380 0
-379 -113 0
-379 -115 0
-380 -113 0
-380 -115 0
-113 -115 0
-133 -135 0
-133 -137 0
-133 -139 0
-133 -141 0
-133 -143 0
-133 -381 0
-133 -382 0
-133 -383 0
-133 -384 0
-133 -385 0
-133 -386 0
-133 -387 0
-133 -388 0
-133 -389 0
-133 -390 0
-133 -391 0
-133 -392 0
-133 -393 0
-133 -394 0
-133 -395 0
-133 -396 0
-133 -129 0
-133 -131 0
-135 -137 0
-135 -139 0
-135 -141 0
-135 -143 0
-135 -381 0
-135 -382 0
-135 -383 0
-135 -384 0
-135 -385 0
-135 -386 0
-135 -387 0
-135 -388 0
-135 -389 0
-135 -390 0
-135 -391 0
-135 -392 0
-135 -393 0
-135 -394 0
-135 -395 0
-135 -396 0
-135 -129 0
-135 -131 0
-137 -139 0
-137 -141 0
-137 -143 0
-137 -381 0
-137 -382 0
-137 -383 0
-137 -384 0
-137 -385 0
-137 -386 0
-137 -387 0
-137 -388 0
-137 -389 0
-137 -390 0
-137 -391 0
-137 -392 0
-137 -393 0
-137 -394 0
-137 -395 0
-137 -396 0
-137 -129 0
-137 -131 0
-139 -141 0
-139 -143 0
-139 -381 0
-139 -382 0
-139 -383 0
-139 -384 0
-139 -385 0
-139 -386 0
-139 -387 0
-139 -388 0
-139 -389 0
-139 -390 0
-139 -391 0
-139 -392 0
-139 -393 0
-139 -394 0
-139 -395 0
-139 -396 0
-139 -129 0
-139 -131 0
-141 -143 0
-141 -381 0
-141 -382 0
-141 -383 0
-141 -384 0
-141 -385 0
-141 -386 0
-141 -387 0
-141 -388 0
-141 -389 0
-141 -390 0
-141 -391 0
-141 -392 0
-141 -393 0
-141 -394 0
-141 -395 0
-141 -396 0
-141 -129 0
-141 -131 0
-143 -381 0
-143 -382 0
-143 -383 0
-143 -384 0
-143 -385 0
-143 -386 0
-143 -387 0
-143 -388 0
-143 -389 0
-143 -390 0
-143 -391 0
-143 -392 0
-143 -393 0
-143 -394 0
-143 -395 0
-143 -396 0
-143 -129 0
-143 -131 0
-381 -382 0
-381 -383 0
-381 -384 0
-381 -385 0
-381 -386 0
-381 -387 0
-381 -388 0
-381 -389 0
-381 -390 0
-381 -391 0
-381 -392 0
-381 -393 0
-381 -394 0
-381 -395 0
-381 -396 0
-381 -129 0
-381 -131 0
-382 -383 0
-382 -384 0
-382 -385 0
-382 -386 0
-382 -387 0
-382 -388 0
-382 -389 0
-382 -390 0
-382 -391 0
-382 -392 0
-382 -393 0
-382 -394 0
-382 -395 0
-382 -396 0
-382 -129 0
-382 -131 0
-383 -384 0
-383 -385 0
-383 -386 0
-383 -387 0
-383 -388 0
-383 -389 0
-383 -390 0
-383 -391 0
-383 -392 0
-383 -393 0
-383 -394 0
-383 -395 0
-383 -396 0
-383 -129 0
-383 -131 0
-384 -385 0
-384 -386 0
-384 -387 0
-384 -388 0
-384 -389 0
-384 -390 0
-384 -391 0
-384 -392 0
-384 -393 0
-384 -394 0
-384 -395 0
-384 -396 0
-384 -129 0
-384 -131 0
-385 -386 0
-385 -387 0
-385 -388 0
-385 -389 0
-385 -390 0
-385 -391 0
-385 -392 0
-385 -393 0
-385 -394 0
-385 -395 0
-385 -396 0
-385 -129 0
-385 -131 0
-386 -387 0
-386 -388 0
-386 -389 0
-386 -390 0
-386 -391 0
-386 -392 0
-386 -393 0
-386 -394 0
-386 -395 0
-386 -396 0
-386 -129 0
-386 -131 0
-387 -388 0
-387 -389 0
-387 -390 0
-387 -391 0
-387 -392 0
-387 -393 0
-387 -394 0
-387 -395 0
-387 -396 0
-387 -129 0
-387 -131 0
-388 -389 0
-388 -390 0
-388 -391 0
-388 -392 0
-388 -393 0
-388 -394 0
-388 -395 0
-388 -396 0
-388 -129 0
-388 -131 0
-389 -390 0
-389 -391 0
-389 -392 0
-389 -393 0
-389 -394 0
-389 -395 0
-389 -396 0
-389 -129 0
-389 -131 0
-390 -391 0
-390 -392 0
-390 -393 0
-390 -394 0
-390 -395 0
-390 -396 0
-390 -129 0
-390 -131 0
-391 -392 0
-391 -393 0
-391 -394 0
-391 -395 0
-391 -396 0
-391 -129 0
-391 -131 0
-392 -393 0
-392 -394 0
-392 -395 0
-392 -396 0
-392 -129 0
-392 -131 0
-393 -394 0
-393 -395 0
-393 -396 0
-393 -129 0
-393 -131 0
-394 -395 0
-394 -396 0
-394 -129 0
-394 -131 0
-395 -396 0
-395 -129 0
-395 -131 0
-396 -129 0
-396 -131 0
-129 -131 0
-149 -151 0
-149 -153 0
-149 -155 0
-149 -157 0
-149 -159 0
-149 -397 0
-149 -398 0
-149 -399 0
-149 -400 0
-149 -401 0
-149 -402 0
-149 -403 0
-149 -404 0
-149 -405 0
-149 -406 0
-149 -407 0
-149 -408 0
-149 -409 0
-149 -410 0
-149 -411 0
-149 -412 0
-149 -145 0
-149 -147 0
-151 -153 0
-151 -155 0
-151 -157 0
-151 -159 0
-151 -397 0
-151 -398 0
-151 -399 0
-151 -400 0
-151 -401 0
-151 -402 0
-151 -403 0
-151 -404 0
-151 -405 0
-151 -406 0
-151 -407 0
-151 -408 0
-151 -409 0
-151 -410 0
-151 -411 0
-151 -412 0
-151 -145 0
-151 -147 0
-153 -155 0
-153 -157 0
-153 -159 0
-153 -397 0
-153 -398 0
-153 -399 0
-153 -400 0
-153 -401 0
-153 -402 0
-153 -403 0
-153 -404 0
-153 -405 0
-153 -406 0
-153 -407 0
-153 -408 0
-153 -409 0
-153 -410 0
-153 -411 0
-153 -412 0
-153 -145 0
-153 -147 0
-155 -157 0
-155 -159 0
-155 -397 0
-155 -398 0
-155 -399 0
-155 -400 0
-155 -401 0
-155 -402 0
-155 -403 0
-155 -404 0
-155 -405 0
-155 -406 0
-155 -407 0
-155 -408 0
-155 -409 0
-155 -410 0
-155 -411 0
-155 -412 0
-155 -145 0
-155 -147 0
-157 -159 0
-157 -397 0
-157 -398 0
-157 -399 0
-157 -400 0
-157 -401 0
-157 -402 0
-157 -403 0
-157 -404 0
-157 -405 0
-157 -406 0
-157 -407 0
-157 -408 0
-157 -409 0
-157 -410 0
-157 -411 0
-157 -412 0
-157 -145 0
-157 -147 0
-159 -397 0
-159 -398 0
-159 -399 0
-159 -400 0
-159 -401 0
-159 -402 0
-159 -403 0
-159 -404 0
-159 -405 0
-159 -406 0
-159 -407 0
-159 -408 0
-159 -409 0
-159 -410 0
-159 -411 0
-159 -412 0
-159 -145 0
-159 -147 0
-397 -398 0
-397 -399 0
-397 -400 0
-397 -401 0
-397 -402 0
-397 -403 0
-397 -404 0
-397 -405 0
-397 -406 0
-397 -407 0
-397 -408 0
-397 -409 0
-397 -410 0
-397 -411 0
-397 -412 0
-397 -145 0
-397 -147 0
-398 -399 0
-398 -400 0
-398 -401 0
-398 -402 0
-398 -403 0
-398 -404 0
-398 -405 0
-398 -406 0
-398 -407 0
-398 -408 0
-398 -409 0
-398 -410 0
-398 -411 0
-398 -412 0
-398 -145 0
-398 -147 0
-399 -400 0
-399 -401 0
-399 -402 0
-399 -403 0
-399 -404 0
-399 -405 0
-399 -406 0
-399 -407 0
-399 -408 0
-399 -409 0
-399 -410 0
-399 -411 0
-399 -412 0
-399 -145 0
-399 -147 0
-400 -401 0
-400 -402 0
-400 -403 0
-400 -404 0
-400 -405 0
-400 -406 0
-400 -407 0
-400 -408 0
-400 -409 0
-400 -410 0
-400 -411 0
-400 -412 0
-400 -145 0
-400 -147 0
-401 -402 0
-401 -403 0
-401 -404 0
-401 -405 0
-401 -406 0
-401 -407 0
-401 -408 0
-401 -409 0
-401 -410 0
-401 -411 0
-401 -412 0
-401 -145 0
-401 -147 0
-402 -403 0
-402 -404 0
-402 -405 0
-402 -406 0
-402 -407 0
-402 -408 0
-402 -409 0
-402 -410 0
-402 -411 0
-402 -412 0
-402 -145 0
-402 -147 0
-403 -404 0
-403 -405 0
-403 -406 0
-403 -407 0
-403 -408 0
-403 -409 0
-403 -410 0
-403 -411 0
-403 -412 0
-403 -145 0
-403 -147 0
-404 -405 0
-404 -406 0
-404 -407 0
-404 -408 0
-404 -409 0
-404 -410 0
-404 -411 0
-404 -412 0
-404 -145 0
-404 -147 0
-405 -406 0
-405 -407 0
-405 -408 0
-405 -409 0
-405 -410 0
-405 -411 0
-405 -412 0
-405 -145 0
-405 -147 0
-406 -407 0
-406 -408 0
-406 -409 0
-406 -410 0
-406 -411 0
-406 -412 0
-406 -145 0
-406 -147 0
-407 -408 0
-407 -409 0
-407 -410 0
-407 -411 0
-407 -412 0
-407 -145 0
-407 -147 0
-408 -409 0
-408 -410 0
-408 -411 0
-408 -412 0
-408 -145 0
-408 -147 0
-409 -410 0
-409 -411 0
-409 -412 0
-409 -145 0
-409 -147 0
-410 -411 0
-410 -412 0
-410 -145 0
-410 -147 0
-411 -412 0
-411 -145 0
-411 -147 0
-412 -145 0
-412 -147 0
-145 -147 0
-413 -414 0
-413 -415 0
-413 -416 0
-413 -417 0
-413 -418 0
-413 -161 0
-413 -163 0
-413 -165 0
-413 -167 0
-413 -169 0
-413 -171 0
-413 -173 0
-413 -175 0
-413 -419 0
-413 -420 0
-413 -421 0
-413 -422 0
-413 -423 0
-413 -424 0
-413 -425 0
-413 -426 0
-413 -427 0
-413 -428 0
-414 -415 0
-414 -416 0
-414 -417 0
-414 -418 0
-414 -161 0
-414 -163 0
-414 -165 0
-414 -167 0
-414 -169 0
-414 -171 0
-414 -173 0
-414 -175 0
-414 -419 0
-414 -420 0
-414 -421 0
-414 -422 0
-414 -423 0
-414 -424 0
-414 -425 0
-414 -426 0
-414 -427 0
-414 -428 0
-415 -416 0
-415 -417 0
-415 -418 0
-415 -161 0
-415 -163 0
-415 -165 0
-415 -167 0
-415 -169 0
-415 -171 0
-415 -173 0
-415 -175 0
-415 -419 0
-415 -420 0
-415 -421 0
-415 -422 0
-415 -423 0
-415 -424 0
-415 -425 0
-415 -426 0
-415 -427 0
-415 -428 0
-416 -417 0
-416 -418 0
-416 -161 0
-416 -163 0
-416 -165 0
-416 -167 0
-416 -169 0
-416 -171 0
-416 -173 0
-416 -175 0
-416 -419 0
-416 -420 0
-416 -421 0
-416 -422 0
-416 -423 0
-416 -424 0
-416 -425 0
-416 -426 0
-416 -427 0
-416 -428 0
-417 -418 0
-417 -161 0
-417 -163 0
-417 -165 0
-417 -167 0
-417 -169 0
-417 -171 0
-417 -173 0
-417 -175 0
-417 -419 0
-417 -420 0
-417 -421 0
-417 -422 0
-417 -423 0
-417 -424 0
-417 -425 0
-417 -426 0
-417 -427 0
-417 -428 0
-418 -161 0
-418 -163 0
-418 -165 0
-418 -167 0
-418 -169 0
-418 -171 0
-418 -173 0
-418 -175 0
-418 -419 0
-418 -420 0
-418 -421 0
-418 -422 0
-418 -423 0
-418 -424 0
-418 -425 0
-418 -426 0
-418 -427 0
-418 -428 0
-161 -163 0
-161 -165 0
-161 -167 0
-161 -169 0
-161 -171 0
-161 -173 0
-161 -175 0
-161 -419 0
-161 -420 0
-161 -421 0
-161 -422 0
-161 -423 0
-161 -424 0
-161 -425 0
-161 -426 0
-161 -427 0
-161 -428 0
-163 -165 0
-163 -167 0
-163 -169 0
-163 -171 0
-163 -173 0
-163 -175 0
-163 -419 0
-163 -420 0
-163 -421 0
-163 -422 0
-163 -423 0
-163 -424 0
-163 -425 0
-163 -426 0
-163 -427 0
-163 -428 0
-165 -167 0
-165 -169 0
-165 -171 0
-165 -173 0
-165 -175 0
-165 -419 0
-165 -420 0
-165 -421 0
-165 -422 0
-165 -423 0
-165 -424 0
-165 -425 0
-165 -426 0
-165 -427 0
-165 -428 0
-167 -169 0
-167 -171 0
-167 -173 0
-167 -175 0
-167 -419 0
-167 -420 0
-167 -421 0
-167 -422 0
-167 -423 0
-167 -424 0
-167 -425 0
-167 -426 0
-167 -427 0
-167 -428 0
-169 -171 0
-169 -173 0
-169 -175 0
-169 -419 0
-169 -420 0
-169 -421 0
-169 -422 0
-169 -423 0
-169 -424 0
-169 -425 0
-169 -426 0
-169 -427 0
-169 -428 0
-171 -173 0
-171 -175 0
-171 -419 0
-171 -420 0
-171 -421 0
-171 -422 0
-171 -423 0
-171 -424 0
-171 -425 0
-171 -426 0
-171 -427 0
-171 -428 0
-173 -175 0
-173 -419 0
-173 -420 0
-173 -421 0
-173 -422 0
-173 -423 0
-173 -424 0
-173 -425 0
-173 -426 0
-173 -427 0
-173 -428 0
-175 -419 0
-175 -420 0
-175 -421 0
-175 -422 0
-175 -423 0
-175 -424 0
-175 -425 0
-175 -426 0
-175 -427 0
-175 -428 0
-419 -420 0
-419 -421 0
-419 -422 0
-419 -423 0
-419 -424 0
-419 -425 0
-419 -426 0
-419 -427 0
-419 -428 0
-420 -421 0
-420 -422 0
-420 -423 0
-420 -424 0
-420 -425 0
-420 -426 0
-420 -427 0
-420 -428 0
-421 -422 0
-421 -423 0
-421 -424 0
-421 -425 0
-421 -426 0
-421 -427 0
-421 -428 0
-422 -423 0
-422 -424 0
-422 -425 0
-422 -426 0
-422 -427 0
-422 -428 0
-423 -424 0
-423 -425 0
-423 -426 0
-423 -427 0
-423 -428 0
-424 -425 0
-424 -426 0
-424 -427 0
-424 -428 0
-425 -426 0
-425 -427 0
-425 -428 0
-426 -427 0
-426 -428 0
-427 -428 0
-429 -430 0
-429 -431 0
-429 -432 0
-429 -433 0
-429 -434 0
-429 -177 0
-429 -179 0
-429 -181 0
-429 -183 0
-429 -185 0
-429 -187 0
-429 -189 0
-429 -191 0
-429 -435 0
-429 -436 0
-429 -437 0
-429 -438 0
-429 -439 0
-429 -440 0
-429 -441 0
-429 -442 0
-429 -443 0
-429 -444 0
-430 -431 0
-430 -432 0
-430 -433 0
-430 -434 0
-430 -177 0
-430 -179 0
-430 -181 0
-430 -183 0
-430 -185 0
-430 -187 0
-430 -189 0
-430 -191 0
-430 -435 0
-430 -436 0
-430 -437 0
-430 -438 0
-430 -439 0
-430 -440 0
-430 -441 0
-430 -442 0
-430 -443 0
-430 -444 0
-431 -432 0
-431 -433 0
-431 -434 0
-431 -177 0
-431 -179 0
-431 -181 0
-431 -183 0
-431 -185 0
-431 -187 0
-431 -189 0
-431 -191 0
-431 -435 0
-431 -436 0
-431 -437 0
-431 -438 0
-431 -439 0
-431 -440 0
-431 -441 0
-431 -442 0
-431 -443 0
-431 -444 0
-432 -433 0
-432 -434 0
-432 -177 0
-432 -179 0
-432 -181 0
-432 -183 0
-432 -185 0
-432 -187 0
-432 -189 0
-432 -191 0
-432 -435 0
-432 -436 0
-432 -437 0
-432 -438 0
-432 -439 0
-432 -440 0
-432 -441 0
-432 -442 0
-432 -443 0
-432 -444 0
-433 -434 0
-433 -177 0
-433 -179 0
-433 -181 0
-433 -183 0
-433 -185 0
-433 -187 0
-433 -189 0
-433 -191 0
-433 -435 0
-433 -436 0
-433 -437 0
-433 -438 0
-433 -439 0
-433 -440 0
-433 -441 0
-433 -442 0
-433 -443 0
-433 -444 0
-434 -177 0
-434 -179 0
-434 -181 0
-434 -183 0
-434 -185 0
-434 -187 0
-434 -189 0
-434 -191 0
-434 -435 0
-434 -436 0
-434 -437 0
-434 -438 0
-434 -439 0
-434 -440 0
-434 -441 0
-434 -442 0
-434 -443 0
-434 -444 0
-177 -179 0
-177 -181 0
-177 -183 0
-177 -185 0
-177 -187 0
-177 -189 0
-177 -191 0
-177 -435 0
-177 -436 0
-177 -437 0
-177 -438 0
-177 -439 0
-177 -440 0
-177 -441 0
-177 -442 0
-177 -443 0
-177 -444 0
-179 -181 0
-179 -183 0
-179 -185 0
-179 -187 0
-179 -189 0
-179 -191 0
-179 -435 0
-179 -436 0
-179 -437 0
-179 -438 0
-179 -439 0
-179 -440 0
-179 -441 0
-179 -442 0
-179 -443 0
-179 -444 0
-181 -183 0
-181 -185 0
-181 -187 0
-181 -189 0
-181 -191 0
-181 -435 0
-181 -436 0
-181 -437 0
-181 -438 0
-181 -439 0
-181 -440 0
-181 -441 0
-181 -442 0
-181 -443 0
-181 -444 0
-183 -185 0
-183 -187 0
-183 -189 0
-183 -191 0
-183 -435 0
-183 -436 0
-183 -437 0
-183 -438 0
-183 -439 0
-183 -440 0
-183 -441 0
-183 -442 0
-183 -443 0
-183 -444 0
-185 -187 0
-185 -189 0
-185 -191 0
-185 -435 0
-185 -436 0
-185 -437 0
-185 -438 0
-185 -439 0
-185 -440 0
-185 -441 0
-185 -442 0
-185 -443 0
-185 -444 0
-187 -189 0
-187 -191 0
-187 -435 0
-187 -436 0
-187 -437 0
-187 -438 0
-187 -439 0
-187 -440 0
-187 -441 0
-187 -442 0
-187 -443 0
-187 -444 0
-189 -191 0
-189 -435 0
-189 -436 0
-189 -437 0
-189 -438 0
-189 -439 0
-189 -440 0
-189 -441 0
-189 -442 0
-189 -443 0
-189 -444 0
-191 -435 0
-191 -436 0
-191 -437 0
-191 -438 0
-191 -439 0
-191 -440 0
-191 -441 0
-191 -442 0
-191 -443 0
-191 -444 0
-435 -436 0
-435 -437 0
-435 -438 0
-435 -439 0
-435 -440 0
-435 -441 0
-435 -442 0
-435 -443 0
-435 -444 0
-436 -437 0
-436 -438 0
-436 -439 0
-436 -440 0
-436 -441 0
-436 -442 0
-436 -443 0
-436 -444 0
-437 -438 0
-437 -439 0
-437 -440 0
-437 -441 0
-437 -442 0
-437 -443 0
-437 -444 0
-438 -439 0
-438 -440 0
-438 -441 0
-438 -442 0
-438 -443 0
-438 -444 0
-439 -440 0
-439 -441 0
-439 -442 0
-439 -443 0
-439 -444 0
-440 -441 0
-440 -442 0
-440 -443 0
-440 -444 0
-441 -442 0
-441 -443 0
-441 -444 0
-442 -443 0
-442 -444 0
-443 -444 0
-445 -446 0
-445 -447 0
-445 -448 0
-445 -449 0
-445 -450 0
-445 -193 0
-445 -195 0
-445 -197 0
-445 -199 0
-445 -201 0
-445 -203 0
-445 -205 0
-445 -207 0
-445 -451 0
-445 -452 0
-445 -453 0
-445 -454 0
-445 -455 0
-445 -456 0
-445 -457 0
-445 -458 0
-445 -459 0
-445 -460 0
-446 -447 0
-446 -448 0
-446 -449 0
-446 -450 0
-446 -193 0
-446 -195 0
-446 -197 0
-446 -199 0
-446 -201 0
-446 -203 0
-446 -205 0
-446 -207 0
-446 -451 0
-446 -452 0
-446 -453 0
-446 -454 0
-446 -455 0
-446 -456 0
-446 -457 0
-446 -458 0
-446 -459 0
-446 -460 0
-447 -448 0
-447 -449 0
-447 -450 0
-447 -193 0
-447 -195 0
-447 -197 0
-447 -199 0
-447 -201 0
-447 -203 0
-447 -205 0
-447 -207 0
-447 -451 0
-447 -452 0
-447 -453 0
-447 -454 0
-447 -455 0
-447 -456 0
-447 -457 0
-447 -458 0
-447 -459 0
-447 -460 0
-448 -449 0
-448 -450 0
-448 -193 0
-448 -195 0
-448 -197 0
-448 -199 0
-448 -201 0
-448 -203 0
-448 -205 0
-448 -207 0
-448 -451 0
-448 -452 0
-448 -453 0
-448 -454 0
-448 -455 0
-448 -456 0
-448 -457 0
-448 -458 0
-448 -459 0
-448 -460 0
-449 -450 0
-449 -193 0
-449 -195 0
-449 -197 0
-449 -199 0
-449 -201 0
-449 -203 0
-449 -205 0
-449 -207 0
-449 -451 0
-449 -452 0
-449 -453 0
-449 -454 0
-449 -455 0
-449 -456 0
-449 -457 0
-449 -458 0
-449 -459 0
-449 -460 0
-450 -193 0
-450 -195 0
-450 -197 0
-450 -199 0
-450 -201 0
-450 -203 0
-450 -205 0
-450 -207 0
-450 -451 0
-450 -452 0
-450 -453 0
-450 -454 0
-450 -455 0
-450 -456 0
-450 -457 0
-450 -458 0
-450 -459 0
-450 -460 0
-193 -195 0
-193 -197 0
-193 -199 0
-193 -201 0
-193 -203 0
-193 -205 0
-193 -207 0
-193 -451 0
-193 -452 0
-193 -453 0
-193 -454 0
-193 -455 0
-193 -456 0
-193 -457 0
-193 -458 0
-193 -459 0
-193 -460 0
-195 -197 0
-195 -199 0
-195 -201 0
-195 -203 0
-195 -205 0
-195 -207 0
-195 -451 0
-195 -452 0
-195 -453 0
-195 -454 0
-195 -455 0
-195 -456 0
-195 -457 0
-195 -458 0
-195 -459 0
-195 -460 0
-197 -199 0
-197 -201 0
-197 -203 0
-197 -205 0
-197 -207 0
-197 -451 0
-197 -452 0
-197 -453 0
-197 -454 0
-197 -455 0
-197 -456 0
-197 -457 0
-197 -458 0
-197 -459 0
-197 -460 0
-199 -201 0
-199 -203 0
-199 -205 0
-199 -207 0
-199 -451 0
-199 -452 0
-199 -453 0
-199 -454 0
-199 -455 0
-199 -456 0
-199 -457 0
-199 -458 0
-199 -459 0
-199 -460 0
-201 -203 0
-201 -205 0
-201 -207 0
-201 -451 0
-201 -452 0
-201 -453 0
-201 -454 0
-201 -455 0
-201 -456 0
-201 -457 0
-201 -458 0
-201 -459 0
-201 -460 0
-203 -205 0
-203 -207 0
-203 -451 0
-203 -452 0
-203 -453 0
-203 -454 0
-203 -455 0
-203 -456 0
-203 -457 0
-203 -458 0
-203 -459 0
-203 -460 0
-205 -207 0
-205 -451 0
-205 -452 0
-205 -453 0
-205 -454 0
-205 -455 0
-205 -456 0
-205 -457 0
-205 -458 0
-205 -459 0
-205 -460 0
-207 -451 0
-207 -452 0
-207 -453 0
-207 -454 0
-207 -455 0
-207 -456 0
-207 -457 0
-207 -458 0
-207 -459 0
-207 -460 0
-451 -452 0
-451 -453 0
-451 -454 0
-451 -455 0
-451 -456 0
-451 -457 0
-451 -458 0
-451 -459 0
-451 -460 0
-452 -453 0
-452 -454 0
-452 -455 0
-452 -456 0
-452 -457 0
-452 -458 0
-452 -459 0
-452 -460 0
-453 -454 0
-453 -455 0
-453 -456 0
-453 -457 0
-453 -458 0
-453 -459 0
-453 -460 0
-454 -455 0
-454 -456 0
-454 -457 0
-454 -458 0
-454 -459 0
-454 -460 0
-455 -456 0
-455 -457 0
-455 -458 0
-455 -459 0
-455 -460 0
-456 -457 0
-456 -458 0
-456 -459 0
-456 -460 0
-457 -458 0
-457 -459 0
-457 -460 0
-458 -459 0
-458 -460 0
-459 -460 0
-461 -462 0
-461 -463 0
-461 -464 0
-461 -465 0
-461 -466 0
-461 -467 0
-461 -468 0
-461 -469 0
-461 -470 0
-461 -471 0
-461 -472 0
-461 -473 0
-461 -474 0
-461 -209 0
-461 -211 0
-461 -213 0
-461 -215 0
-461 -217 0
-461 -219 0
-461 -221 0
-461 -223 0
-461 -475 0
-461 -476 0
-462 -463 0
-462 -464 0
-462 -465 0
-462 -466 0
-462 -467 0
-462 -468 0
-462 -469 0
-462 -470 0
-462 -471 0
-462 -472 0
-462 -473 0
-462 -474 0
-462 -209 0
-462 -211 0
-462 -213 0
-462 -215 0
-462 -217 0
-462 -219 0
-462 -221 0
-462 -223 0
-462 -475 0
-462 -476 0
-463 -464 0
-463 -465 0
-463 -466 0
-463 -467 0
-463 -468 0
-463 -469 0
-463 -470 0
-463 -471 0
-463 -472 0
-463 -473 0
-463 -474 0
-463 -209 0
-463 -211 0
-463 -213 0
-463 -215 0
-463 -217 0
-463 -219 0
-463 -221 0
-463 -223 0
-463 -475 0
-463 -476 0
-464 -465 0
-464 -466 0
-464 -467 0
-464 -468 0
-464 -469 0
-464 -470 0
-464 -471 0
-464 -472 0
-464 -473 0
-464 -474 0
-464 -209 0
-464 -211 0
-464 -213 0
-464 -215 0
-464 -217 0
-464 -219 0
-464 -221 0
-464 -223 0
-464 -475 0
-464 -476 0
-465 -466 0
-465 -467 0
-465 -468 0
-465 -469 0
-465 -470 0
-465 -471 0
-465 -472 0
-465 -473 0
-465 -474 0
-465 -209 0
-465 -211 0
-465 -213 0
-465 -215 0
-465 -217 0
-465 -219 0
-465 -221 0
-465 -223 0
-465 -475 0
-465 -476 0
-466 -467 0
-466 -468 0
-466 -469 0
-466 -470 0
-466 -471 0
-466 -472 0
-466 -473 0
-466 -474 0
-466 -209 0
-466 -211 0
-466 -213 0
-466 -215 0
-466 -217 0
-466 -219 0
-466 -221 0
-466 -223 0
-466 -475 0
-466 -476 0
-467 -468 0
-467 -469 0
-467 -470 0
-467 -471 0
-467 -472 0
-467 -473 0
-467 -474 0
-467 -209 0
-467 -211 0
-467 -213 0
-467 -215 0
-467 -217 0
-467 -219 0
-467 -221 0
-467 -223 0
-467 -475 0
-467 -476 0
-468 -469 0
-468 -470 0
-468 -471 0
-468 -472 0
-468 -473 0
-468 -474 0
-468 -209 0
-468 -211 0
-468 -213 0
-468 -215 0
-468 -217 0
-468 -219 0
-468 -221 0
-468 -223 0
-468 -475 0
-468 -476 0
-469 -470 0
-469 -471 0
-469 -472 0
-469 -473 0
-469 -474 0
-469 -209 0
-469 -211 0
-469 -213 0
-469 -215 0
-469 -217 0
-469 -219 0
-469 -221 0
-469 -223 0
-469 -475 0
-469 -476 0
-470 -471 0
-470 -472 0
-470 -473 0
-470 -474 0
-470 -209 0
-470 -211 0
-470 -213 0
-470 -215 0
-470 -217 0
-470 -219 0
-470 -221 0
-470 -223 0
-470 -475 0
-470 -476 0
-471 -472 0
-471 -473 0
-471 -474 0
-471 -209 0
-471 -211 0
-471 -213 0
-471 -215 0
-471 -217 0
-471 -219 0
-471 -221 0
-471 -223 0
-471 -475 0
-471 -476 0
-472 -473 0
-472 -474 0
-472 -209 0
-472 -211 0
-472 -213 0
-472 -215 0
-472 -217 0
-472 -219 0
-472 -221 0
-472 -223 0
-472 -475 0
-472 -476 0
-473 -474 0
-473 -209 0
-473 -211 0
-473 -213 0
-473 -215 0
-473 -217 0
-473 -219 0
-473 -221 0
-473 -223 0
-473 -475 0
-473 -476 0
-474 -209 0
-474 -211 0
-474 -213 0
-474 -215 0
-474 -217 0
-474 -219 0
-474 -221 0
-474 -223 0
-474 -475 0
-474 -476 0
-209 -211 0
-209 -213 0
-209 -215 0
-209 -217 0
-209 -219 0
-209 -221 0
-209 -223 0
-209 -475 0
-209 -476 0
-211 -213 0
-211 -215 0
-211 -217 0
-211 -219 0
-211 -221 0
-211 -223 0
-211 -475 0
-211 -476 0
-213 -215 0
-213 -217 0
-213 -219 0
-213 -221 0
-213 -223 0
-213 -475 0
-213 -476 0
-215 -217 0
-215 -219 0
-215 -221 0
-215 -223 0
-215 -475 0
-215 -476 0
-217 -219 0
-217 -221 0
-217 -223 0
-217 -475 0
-217 -476 0
-219 -221 0
-219 -223 0
-219 -475 0
-219 -476 0
-221 -223 0
-221 -475 0
-221 -476 0
-223 -475 0
-223 -476 0
-475 -476 0
-253 477 0
-254 478 0
-255 479 0
-256 480 0
-257 481 0
-258 482 0
-1 2 0
-3 4 0
-5 6 0
-7 8 0
-9 10 0
-11 12 0
-13 14 0
-15 16 0
-259 483 0
-260 484 0
-261 485 0
-262 486 0
-263 487 0
-264 488 0
-265 489 0
-266 490 0
-267 491 0
-268 492 0
-269 493 0
-270 494 0
-271 495 0
-272 496 0
-273 497 0
-274 498 0
-17 18 0
-19 20 0
-21 22 0
-23 24 0
-25 26 0
-27 28 0
-29 30 0
-31 32 0
-275 499 0
-276 500 0
-277 501 0
-278 502 0
-279 503 0
-280 504 0
-281 505 0
-282 506 0
-283 507 0
-284 508 0
-285 509 0
-286 510 0
-287 511 0
-288 512 0
-289 513 0
-290 514 0
-33 34 0
-35 36 0
-37 38 0
-39 40 0
-41 42 0
-43 44 0
-45 46 0
-47 48 0
-291 515 0
-292 516 0
-293 517 0
-294 518 0
-295 519 0
-296 520 0
-297 521 0
-298 522 0
-299 523 0
-300 524 0
-301 525 0
-302 526 0
-303 527 0
-304 528 0
-305 529 0
-306 530 0
-307 531 0
-308 532 0
-309 533 0
-310 534 0
-311 535 0
-312 536 0
-313 537 0
-314 538 0
-49 50 0
-51 52 0
-53 54 0
-55 56 0
-57 58 0
-59 60 0
-61 62 0
-63 64 0
-315 539 0
-316 540 0
-317 541 0
-318 542 0
-319 543 0
-320 544 0
-321 545 0
-322 546 0
-323 547 0
-324 548 0
-325 549 0
-326 550 0
-327 551 0
-328 552 0
-329 553 0
-330 554 0
-65 66 0
-67 68 0
-69 70 0
-71 72 0
-73 74 0
-75 76 0
-77 78 0
-79 80 0
-331 555 0
-332 556 0
-333 557 0
-334 558 0
-335 559 0
-336 560 0
-337 561 0
-338 562 0
-339 563 0
-340 564 0
-341 565 0
-342 566 0
-343 567 0
-344 568 0
-345 569 0
-346 570 0
-81 82 0
-83 84 0
-85 86 0
-87 88 0
-89 90 0
-91 92 0
-93 94 0
-95 96 0
-347 571 0
-348 572 0
-101 102 0
-103 104 0
-105 106 0
-107 108 0
-109 110 0
-111 112 0
-349 573 0
-350 574 0
-351 575 0
-352 576 0
-353 577 0
-354 578 0
-355 579 0
-356 580 0
-357 581 0
-358 582 0
-359 583 0
-360 584 0
-361 585 0
-362 586 0
-363 587 0
-364 588 0
-97 98 0
-99 100 0
-117 118 0
-119 120 0
-121 122 0
-123 124 0
-125 126 0
-127 128 0
-365 589 0
-366 590 0
-367 591 0
-368 592 0
-369 593 0
-370 594 0
-371 595 0
-372 596 0
-373 597 0
-374 598 0
-375 599 0
-376 600 0
-377 601 0
-378 602 0
-379 603 0
-380 604 0
-113 114 0
-115 116 0
-133 134 0
-135 136 0
-137 138 0
-139 140 0
-141 142 0
-143 144 0
-381 605 0
-382 606 0
-383 607 0
-384 608 0
-385 609 0
-386 610 0
-387 611 0
-388 612 0
-389 613 0
-390 614 0
-391 615 0
-392 616 0
-393 617 0
-394 618 0
-395 619 0
-396 620 0
-129 130 0
-131 132 0
-149 150 0
-151 152 0
-153 154 0
-155 156 0
-157 158 0
-159 160 0
-397 621 0
-398 622 0
-399 623 0
-400 624 0
-401 625 0
-402 626 0
-403 627 0
-404 628 0
-405 629 0
-406 630 0
-407 631 0
-408 632 0
-409 633 0
-410 634 0
-411 635 0
-412 636 0
-145 146 0
-147 148 0
-413 637 0
-414 638 0
-415 639 0
-416 640 0
-417 641 0
-418 642 0
-161 162 0
-163 164 0
-165 166 0
-167 168 0
-169 170 0
-171 172 0
-173 174 0
-175 176 0
-419 643 0
-420 644 0
-421 645 0
-422 646 0
-423 647 0
-424 648 0
-425 649 0
-426 650 0
-427 651 0
-428 652 0
-429 653 0
-430 654 0
-431 655 0
-432 656 0
-433 657 0
-434 658 0
-177 178 0
-179 180 0
-181 182 0
-183 184 0
-185 186 0
-187 188 0
-189 190 0
-191 192 0
-435 659 0
-436 660 0
-437 661 0
-438 662 0
-439 663 0
-440 664 0
-441 665 0
-442 666 0
-443 667 0
-444 668 0
-445 669 0
-446 670 0
-447 671 0
-448 672 0
-449 673 0
-450 674 0
-193 194 0
-195 196 0
-197 198 0
-199 200 0
-201 202 0
-203 204 0
-205 206 0
-207 208 0
-451 675 0
-452 676 0
-453 677 0
-454 678 0
-455 679 0
-456 680 0
-457 681 0
-458 682 0
-459 683 0
-460 684 0
-461 685 0
-462 686 0
-463 687 0
-464 688 0
-465 689 0
-466 690 0
-467 691 0
-468 692 0
-469 693 0
-470 694 0
-471 695 0
-472 696 0
-473 697 0
-474 698 0
-209 210 0
-211 212 0
-213 214 0
-215 216 0
-217 218 0
-219 220 0
-221 222 0
-223 224 0
-475 699 0
-476 700 0
